1597118.7683489434 -19507555.16831375 16317795 0
1599622.325595079 -19509607.734296937 16315095 0
1602125.8828412145 -19511660.30028012 16312395 0
1604629.521464522 -19513710.86791955 16309695 0
1607133.119399244 -19515762.434730854 16306995 0
1609636.7580225521 -19517813.002370287 16304293 0
1612140.4373344467 -19519862.57083784 16301592 0
1614644.116646341 -19521912.139305394 16298890 0
1617147.836646822 -19523960.708601072 16296187 0
1619651.5973358888 -19526008.278724875 16293484 0
1622155.3173363698 -19528056.848020554 16290781 0
1624658.119542147 -19530103.378283888 16288077 0
1627161.9209198002 -19532149.94923581 16285373 0
1629664.7231255774 -19534196.479499154 16282668 0
1632168.5651918172 -19536242.0512792 16279963 0
1634671.4487747666 -19538286.583198782 16277258 0
1637174.3323577163 -19540331.11511837 16274552 0
1639678.2151125427 -19542375.687726542 16271845 0
1642181.1393840783 -19544419.220474247 16269138 0
1644684.1043442013 -19546461.75405008 16266431 0
1647187.0693043233 -19548504.28762591 16263723 0
1649690.074953032 -19550545.822029866 16261015 0
1652193.080601741 -19552587.356433824 16258306 0
1654695.1277671596 -19554627.850977313 16255597 0
1657198.1741044545 -19556668.38620939 16252888 0
1659701.2611303357 -19558707.922269594 16250178 0
1662203.389672927 -19560746.418469332 16247467 0
1664706.5173873948 -19562784.955357656 16244756 0
1667208.6459299861 -19564823.451557398 16242045 0
1669711.8143330407 -19566860.989273846 16239333 0
1672214.0242528042 -19568897.487129834 16236621 0
1674716.2341725682 -19570933.984985817 16233909 0
1677218.4440923324 -19572970.4828418 16231196 0
1679720.6947006825 -19575005.981525913 16228482 0
1682223.9851694957 -19577040.52172673 16225768 0
1684725.2772945561 -19579074.98055038 16223054 0
1687227.6092800791 -19581108.480890732 16220339 0
1689729.941265602 -19583141.98123109 16217624 0
1692232.3139397113 -19585174.48239957 16214908 0
1694733.7281305308 -19587205.943707585 16212192 0
1697236.1414932262 -19589237.44570419 16209475 0
1699738.554855922 -19591268.947700795 16206758 0
1702240.0097353277 -19593299.409836933 16204041 0
1704741.5053033195 -19595328.872801196 16201323 0
1707244.0000431882 -19597358.376454044 16198605 0
1709745.4956111799 -19599387.839418307 16195886 0
1712247.0318677584 -19601416.303210698 16193167 0
1714748.6088129228 -19603443.767831206 16190447 0
1717250.1857580873 -19605471.232451715 16187727 0
1719751.8033918384 -19607497.69790035 16185007 0
1722253.4210255893 -19609524.163348984 16182286 0
1724754.0801760503 -19611549.588937152 16179564 0
1727255.7791869738 -19613574.056042034 16176843 0
1729757.4375093114 -19615599.52231879 16174120 0
1732258.178036945 -19617622.94956321 16171398 0
1734759.9177364549 -19619646.41749621 16168675 0
1737260.6582640882 -19621669.84474063 16165951 0
1739761.4801688944 -19623691.273641296 16163227 0
1742262.261385114 -19625713.701713834 16160503 0
1744764.082461797 -19627735.171303086 16157778 0
1747264.9450551895 -19629755.601031873 16155053 0
1749765.8076485822 -19631776.03076066 16152327 0
1752265.7117586844 -19633795.420628987 16149601 0
1754766.6150406632 -19635814.8511859 16146874 0
1757267.5590112286 -19637833.282570936 16144147 0
1759768.5436703803 -19639850.714784093 16141420 0
1762268.5291576553 -19641868.10630866 16138692 0
1764769.513816807 -19643885.538521823 16135964 0
1767269.5399926682 -19645901.93087452 16133235 0
1769769.606857116 -19647917.324055336 16130506 0
1772270.67289344 -19649932.75792474 16127776 0
1774770.739757888 -19651948.15110556 16125046 0
1777270.8879995085 -19653961.545942627 16122316 0
1779770.9955525429 -19655975.939951565 16119585 0
1782271.1844827496 -19657988.335616756 16116854 0
1784771.373412956 -19660000.731281947 16114122 0
1787270.5631712866 -19662013.086258546 16111390 0
1789770.79279008 -19664024.48275186 16108658 0
1792271.0224088728 -19666035.879245173 16105925 0
1794770.293544376 -19668046.23587802 16103191 0
1797270.6045403418 -19670055.63402758 16100457 0
1799769.9163644311 -19672064.991488554 16097723 0
1802269.2688771067 -19674073.34977765 16094988 0
1804768.6213897825 -19676081.708066747 16092253 0
1807268.9730743347 -19678090.10704443 16089518 0
1809768.4069641833 -19680096.46698977 16086782 0
1812267.8408540315 -19682102.826935116 16084045 0
1814766.2755720038 -19684109.146191873 16081308 0
1817265.7501504386 -19686114.506965335 16078571 0
1819765.224728873 -19688119.867738806 16075833 0
1822263.7408240177 -19690124.188651808 16073095 0
1824763.2967796254 -19692127.55108152 16070357 0
1827261.8535633562 -19694130.87282265 16067618 0
1829761.45020755 -19696133.236080486 16064878 0
1832260.0476798671 -19698135.558649734 16062139 0
1834758.6451521846 -19700137.88121899 16059398 0
1837257.3240016745 -19702138.205444485 16056658 0
1839755.9621625785 -19704139.528841857 16053917 0
1842254.6817006543 -19706138.853895478 16051175 0
1844753.4012387306 -19708138.1789491 16048433 0
1847252.1207768074 -19710137.50400272 16045691 0
1849749.8818315933 -19712135.78919588 16042948 0
1852248.6827468423 -19714133.115905747 16040205 0
1854746.4844902148 -19716130.401927028 16037461 0
1857245.2854054642 -19718127.728636894 16034717 0
1859743.168526009 -19720123.01631442 16031973 0
1862241.010957968 -19722119.303163826 16029228 0
1864739.9339389764 -19724113.632358063 16026482 0
1867237.8170595216 -19726108.920035593 16023737 0
1869735.7815572396 -19728102.209369365 16020990 0
1872232.7468830808 -19730095.458014555 16018244 0
1874730.7113807986 -19732088.74734833 16015497 0
1877228.7165671028 -19734081.03751023 16012749 0
1879726.7624419937 -19736072.328500252 16010001 0
1882223.8091450075 -19738063.578801688 16007253 0
1884721.8957084846 -19740053.870619833 16004504 0
1887218.9831000853 -19742044.12174939 16001755 0
1889716.0704916855 -19744034.37287895 15999006 0
1892213.2392604584 -19746022.625664756 15996256 0
1894710.4080292317 -19748010.87845056 15993505 0
1897207.5767980048 -19749999.131236363 15990755 0
1899704.7862553645 -19751986.384850293 15988003 0
1902201.9957127238 -19753973.638464224 15985252 0
1904699.24585867 -19755959.89290628 15982500 0
1907195.5375213255 -19757945.107487865 15979747 0
1909692.8283558576 -19759930.362758044 15976994 0
1912189.1607070998 -19761914.578167755 15974241 0
1914686.4922302181 -19763898.834266055 15971487 0
1917182.8652700465 -19765882.05050389 15968733 0
1919679.238309875 -19767865.266741727 15965978 0
1922175.6520382897 -19769847.48380769 15963223 0
1924672.1064552907 -19771828.70170177 15960468 0
1927168.5608722917 -19773809.919595856 15957712 0
1929665.015289293 -19775791.137489937 15954956 0
1932161.5103948805 -19777771.356212147 15952199 0
1934658.0461890544 -19779750.575762473 15949442 0
1937153.5828113514 -19781729.75462422 15946684 0
1939650.1592941114 -19783707.975002673 15943927 0
1942145.7366049953 -19785686.154692538 15941168 0
1944641.354604465 -19787663.335210532 15938409 0
1947136.9726039353 -19789640.515728522 15935650 0
1949633.6304638681 -19791616.73776322 15932891 0
1952129.3298405106 -19793591.919937458 15930131 0
1954624.0300452765 -19795567.06142311 15927370 0
1957119.7294219197 -19797542.243597347 15924609 0
1959615.4694871483 -19799516.426599707 15921848 0
1962111.2502409634 -19801489.610430192 15919086 0
1964606.0318229024 -19803462.75357209 15916324 0
1967101.8532653044 -19805434.938230697 15913562 0
1969596.6755358295 -19807407.082200717 15910799 0
1972091.538494941 -19809378.226998862 15908035 0
1974587.4413145152 -19811348.413313717 15905271 0
1977082.3449622132 -19813318.558939986 15902507 0
1979577.2486099112 -19815288.70456625 15899743 0
1982071.193774319 -19817257.81033206 15896978 0
1984566.1787991896 -19819225.957614575 15894212 0
1987061.1638240602 -19821194.10489709 15891446 0
1989556.1895375173 -19823161.25300773 15888680 0
1992050.2160790972 -19825128.36042978 15885913 0
1994545.2824811407 -19827094.509368543 15883146 0
1997039.3497113073 -19829060.617618717 15880379 0
1999533.4576300606 -19831025.726697017 15877611 0
2002027.6062373999 -19832989.83660344 15874842 0
2004521.7548447396 -19834953.94650986 15872074 0
2007015.9034520788 -19836918.056416284 15869304 0
2009510.0927480047 -19838881.16715083 15866535 0
2012004.3227325166 -19840843.2787135 15863765 0
2014498.5527170291 -19842805.39027617 15860994 0
2016991.824218251 -19844766.461978372 15858223 0
2019486.0948913493 -19846727.574369166 15855452 0
2021979.4070811577 -19848687.6468995 15852680 0
2024473.7591314293 -19850646.76094654 15849908 0
2026967.1120098238 -19852605.83430499 15847136 0
2029460.4648882186 -19854564.907663446 15844363 0
2031953.8584551995 -19856522.98185002 15841590 0
2034447.2927107671 -19858480.05686472 15838816 0
2036940.7269663345 -19860437.13187942 15836042 0
2039433.2027386113 -19862393.167033657 15833267 0
2041926.677682765 -19864349.242876478 15830492 0
2044420.193315505 -19866304.319547426 15827717 0
2046912.7504649553 -19868258.35635791 15824941 0
2049405.307614405 -19870212.393168397 15822165 0
2051898.8639357314 -19872166.470667467 15819388 0
2054391.4617737678 -19874119.508306075 15816611 0
2056884.1003003903 -19876071.546772804 15813833 0
2059376.738827013 -19878023.585239533 15811056 0
2061869.4180422218 -19879974.62453439 15808277 0
2064362.0972574311 -19881925.663829245 15805498 0
2066853.8179893498 -19883875.663263634 15802719 0
2069346.5378931449 -19885825.70338661 15799940 0
2071839.2984855268 -19887774.744337715 15797160 0
2074331.1005946184 -19889722.74542835 15794379 0
2076822.9027037097 -19891670.74651899 15791599 0
2079315.7039846776 -19893618.788298212 15788817 0
2081807.5467823553 -19895565.790216975 15786036 0
2084299.4302686197 -19897511.792963862 15783254 0
2086791.3137548836 -19899457.795710746 15780471 0
2089283.2379297342 -19901402.799285755 15777688 0
2091774.1629327084 -19903347.762172177 15774905 0
2094266.1277961452 -19905291.766575307 15772122 0
2096757.1341762918 -19907234.73111798 15769337 0
2099249.139728315 -19909177.736349232 15766553 0
2101740.146108462 -19911120.7008919 15763768 0
2104232.1923490716 -19913062.70695128 15760983 0
2106723.280106391 -19915003.673150197 15758197 0
2109214.36786371 -19916944.63934911 15755411 0
2111705.496309616 -19918884.60637615 15752624 0
2114196.624755522 -19920824.573403187 15749837 0
2116687.7938900143 -19922763.54125835 15747050 0
2119178.004541216 -19924701.469253052 15744262 0
2121669.2143642944 -19926639.43793634 15741474 0
2124159.425015496 -19928577.365931034 15738685 0
2126650.675527161 -19930514.335442446 15735896 0
2129140.967555536 -19932450.265093394 15733107 0
2131631.2595839105 -19934386.19474434 15730317 0
2134122.5914727477 -19936321.165912 15727526 0
2136612.9241897087 -19938256.096391063 15724736 0
2139103.297595256 -19940190.02769826 15721945 0
2141592.671828927 -19942123.918316863 15719153 0
2144083.085923061 -19944056.850452185 15716361 0
2146573.5407057805 -19945988.783415623 15713569 0
2149062.9963166243 -19947920.675690476 15710776 0
2151553.4510993445 -19949852.608653918 15707983 0
2154042.947398774 -19951783.501756895 15705189 0
2156532.4843867905 -19953713.395687994 15702395 0
2159023.020546683 -19955643.33030768 15699601 0
2161512.5982232853 -19957572.225066904 15696806 0
2164002.1758998884 -19959501.11982613 15694011 0
2166491.794265077 -19961429.015413478 15691215 0
2168980.4541469757 -19963355.87114036 15688419 0
2171470.113200751 -19965282.767555833 15685622 0
2173959.7722545266 -19967209.6639713 15682826 0
2176448.4728250117 -19969135.520526312 15680028 0
2178938.2132559596 -19971060.41859803 15677231 0
2181426.9545150306 -19972985.27598116 15674432 0
2183915.7364626885 -19974909.134192415 15671634 0
2186404.518410346 -19976832.992403667 15668835 0
2188893.3410465904 -19978755.85144305 15666036 0
2191382.2043714207 -19980677.71131055 15663236 0
2193871.067696252 -19982599.571178053 15660436 0
2196359.931021082 -19984521.431045555 15657635 0
2198848.835034499 -19986442.291741177 15654834 0
2201336.7805646253 -19988362.11257634 15652032 0
2203825.7252666284 -19990281.97410009 15649231 0
2206313.7114853417 -19992200.795763373 15646428 0
2208801.6977040544 -19994119.61742666 15643626 0
2211289.724611354 -19996037.439918067 15640823 0
2213778.75069053 -19997955.303098068 15638019 0
2216266.8182864157 -19999872.1264176 15635215 0
2218753.9273990113 -20001787.909876667 15632411 0
2221242.035683483 -20003703.734024324 15629606 0
2223730.1439679554 -20005619.55817198 15626801 0
2226218.2929410134 -20007534.383147758 15623995 0
2228705.4834307823 -20009448.168263078 15621189 0
2231193.6730924267 -20011361.99406698 15618383 0
2233680.904270781 -20013274.780010417 15615576 0
2236168.176137722 -20015186.56678198 15612769 0
2238655.4073160766 -20017099.35272542 15609961 0
2241142.719871604 -20019010.14032511 15607153 0
2243630.032427131 -20020920.927924793 15604345 0
2246117.3449826585 -20022831.71552448 15601536 0
2248604.6982267722 -20024741.50395229 15598726 0
2251092.0921594724 -20026650.293208223 15595917 0
2253578.4869202953 -20028559.041775573 15593107 0
2256065.9215415823 -20030466.83185963 15590296 0
2258552.3569909916 -20032374.581255097 15587485 0
2261038.833128988 -20034281.331478696 15584674 0
2263526.349127447 -20036187.123218995 15581862 0
2266012.8659540294 -20038092.874270715 15579050 0
2268499.382780612 -20039998.62532243 15576237 0
2270985.940295781 -20041903.377202272 15573424 0
2273472.538499536 -20043807.129910234 15570611 0
2275958.1375314146 -20045710.84192962 15567797 0
2278444.7764237565 -20047613.5954657 15564983 0
2280930.416144221 -20049516.308313202 15562168 0
2283417.0957251494 -20051418.062677417 15559353 0
2285902.776134201 -20053319.77635304 15556537 0
2288389.4964037146 -20055220.53154537 15553721 0
2290875.2175013525 -20057121.246049125 15550905 0
2293360.979287577 -20059020.961380996 15548088 0
2295846.7817623876 -20060919.677540988 15545271 0
2298332.584237198 -20062818.393700987 15542453 0
2300818.4274005946 -20064716.110689104 15539635 0
2303303.2713921145 -20066613.786988635 15536817 0
2305789.155244098 -20068510.504804876 15533998 0
2308274.0399242043 -20070407.18193253 15531179 0
2310759.964464774 -20072302.900576897 15528359 0
2313244.889833467 -20074198.578532677 15525539 0
2315730.8550626226 -20076093.298005167 15522719 0
2318215.821119902 -20077987.97678907 15519898 0
2320700.8685543537 -20079880.65722922 15517076 0
2323185.8753002197 -20081774.336841244 15514255 0
2325670.922734672 -20083667.017281394 15511432 0
2328155.011685834 -20085558.657861076 15508610 0
2330640.0998088717 -20087450.33912935 15505787 0
2333125.2286204966 -20089341.021225747 15502963 0
2335609.3582602446 -20091231.662633557 15500140 0
2338094.527760456 -20093121.345558073 15497315 0
2340578.7387773767 -20095009.988622133 15494491 0
2343062.9497942976 -20096898.63168619 15491666 0
2345547.1608112184 -20098787.274750248 15488840 0
2348032.4116886025 -20100674.959331013 15486014 0
2350516.704082696 -20102561.604051314 15483188 0
2352999.9973049127 -20104448.208083034 15480361 0
2355484.3303875932 -20106333.85363146 15477534 0
2357968.663470273 -20108219.49917989 15474706 0
2360452.0380696626 -20110104.10486785 15471878 0
2362936.411840929 -20111988.7512444 15469050 0
2365419.827128905 -20113872.357760485 15466221 0
2367904.282277344 -20115755.005793285 15463392 0
2370387.7382539064 -20117637.613137495 15460562 0
2372871.194230469 -20119520.220481705 15457732 0
2375354.6908956175 -20121401.82865404 15454902 0
2377838.228249353 -20123282.437654495 15452071 0
2380321.7656030883 -20125163.046654955 15449239 0
2382805.3436454097 -20127042.656483535 15446408 0
2385288.921687731 -20128922.26631212 15443575 0
2387771.5412467625 -20130800.836280234 15440743 0
2390255.1599776708 -20132679.44693694 15437910 0
2392737.820225288 -20134557.017733183 15435076 0
2395221.5203333683 -20136433.630046133 15432242 0
2397704.221269573 -20138310.201670498 15429408 0
2400186.922205777 -20140186.773294862 15426573 0
2402669.7045191536 -20142061.346575476 15423738 0
2405152.446143944 -20143936.91902796 15420903 0
2407635.2284573205 -20145811.492308572 15418067 0
2410118.0514592836 -20147685.06641731 15415230 0
2412600.915149833 -20149557.64135417 15412394 0
2415082.7389799193 -20151431.17477432 15409556 0
2417565.6433590553 -20153302.7505393 15406719 0
2420047.5485663144 -20155174.285615694 15403881 0
2422530.4529454503 -20157045.861380678 15401042 0
765923.5794867649 -18798827.096773356 17186759 0
768435.2072513679 -18801050.13230435 17184215 0
770945.8358440942 -18803273.127146762 17181671 0
773456.5051254071 -18805495.122817297 17179126 0
775968.2142671829 -18807716.160004545 17176580 0
778478.9242370819 -18809937.1565032 17174034 0
780989.6748955676 -18812157.15382998 17171488 0
783501.4247259296 -18814377.191845346 17168941 0
786012.1753844151 -18816597.189172126 17166393 0
788523.0074200735 -18818815.188155156 17163845 0
791033.7987671453 -18821034.18631006 17161297 0
793544.6714913897 -18823251.186121214 17158748 0
796055.5035270482 -18825469.18510424 17156199 0
798566.3762512926 -18827686.18491539 17153649 0
801077.2896641236 -18829902.185554665 17151099 0
803588.2030769547 -18832118.18619394 17148548 0
806099.1571783719 -18834333.18766134 17145997 0
808610.1112797891 -18836548.189128734 17143446 0
811120.1068979164 -18838762.150735673 17140894 0
813631.10168792 -18840976.153031193 17138341 0
816142.13716651 -18843189.156154837 17135788 0
818652.1734732236 -18845402.118589897 17133235 0
821163.2496403999 -18847614.122541662 17130681 0
823674.3664961626 -18849825.127321556 17128126 0
826184.4434914623 -18852037.090584736 17125571 0
828695.6010358116 -18854247.09619275 17123016 0
831205.7187196977 -18856458.06028406 17120460 0
833715.9177807565 -18858667.02603161 17117904 0
836227.1160136921 -18860876.03246775 17115347 0
838737.3150747509 -18863084.998215303 17112790 0
841247.554824396 -18865292.964790978 17110232 0
843758.7937459181 -18867500.972055238 17107674 0
846269.0741841496 -18869707.939459037 17105115 0
848779.3953109675 -18871913.90769096 17102556 0
851289.7164377855 -18874119.875922885 17099996 0
853800.0375646035 -18876325.84415481 17097436 0
856310.399380008 -18878530.813214853 17094876 0
858820.7611954121 -18880735.7822749 17092315 0
861331.1636994028 -18882939.752163067 17089753 0
863841.6068919799 -18885142.72287936 17087191 0
866352.0500845569 -18887345.69359565 17084629 0
868862.4932771339 -18889548.664311945 17082066 0
871372.9771582974 -18891750.635856364 17079502 0
873883.5017280472 -18893951.608228903 17076939 0
876394.0262977969 -18896152.580601443 17074374 0
878903.5516956701 -18898353.512285393 17071809 0
881414.1169540061 -18900553.485486057 17069244 0
883924.7229009286 -18902752.459514845 17066678 0
886434.3296759747 -18904951.392855044 17064112 0
888944.935622897 -18907150.366883833 17061546 0
891454.5830865292 -18909348.301052153 17058978 0
893965.2704106246 -18911545.276737187 17056411 0
896474.958562843 -18913742.211733636 17053843 0
898985.6458869382 -18915939.18741867 17051274 0
901495.4154163296 -18918134.12407136 17048705 0
904005.1442571345 -18920330.059895933 17046135 0
906515.9129584024 -18922525.037237212 17043565 0
909025.7231763803 -18924718.974718027 17040995 0
911535.5333943579 -18926912.912198845 17038424 0
914045.384300922 -18929105.85050779 17035853 0
916556.2343793627 -18931298.829505317 17033281 0
919066.0852859266 -18933491.767814256 17030708 0
921575.9768810772 -18935683.70695132 17028135 0
924085.9091648138 -18937874.64691651 17025562 0
926595.8414485505 -18940065.586881693 17022988 0
929105.8144208738 -18942255.527675007 17020414 0
931615.7873931968 -18944445.468468316 17017839 0
934125.8010541062 -18946634.41008975 17015264 0
936634.8155431392 -18948823.311022602 17012688 0
939144.869892635 -18951011.253472157 17010112 0
941654.9242421311 -18953199.195921715 17007536 0
944165.0192802132 -18955386.139199395 17004958 0
946675.1143182953 -18957573.082477078 17002381 0
949184.210184501 -18959759.985066175 16999803 0
951694.3865997558 -18961944.9300001 16997224 0
954204.5223264244 -18964130.874105904 16994645 0
956713.7402583893 -18966314.77917937 16992066 0
959223.9166736441 -18968499.724113297 16989486 0
961733.1752941953 -18970682.630014885 16986905 0
964243.3923980364 -18972866.57577694 16984324 0
966752.6917071738 -18975048.482506648 16981743 0
969261.950327725 -18977231.38840824 16979161 0
971772.2894973253 -18979412.33665466 16976579 0
974281.629495049 -18981593.244212497 16973996 0
976790.969492773 -18983774.15177033 16971413 0
979301.3493509595 -18985954.100844875 16968829 0
981810.7300372698 -18988134.009230834 16966245 0
984320.1514121662 -18990312.91844492 16963660 0
986829.5727870626 -18992491.827659 16961075 0
989339.0348505456 -18994669.737701207 16958489 0
991848.4969140284 -18996847.64774341 16955903 0
994357.9996660978 -18999024.55861374 16953316 0
996867.5024181668 -19001201.46948407 16950729 0
999377.0458588224 -19003377.38118252 16948142 0
1001886.6299880644 -19005552.2937091 16945554 0
1004396.17342872 -19007728.20540755 16942965 0
1006905.7982465484 -19009902.118762247 16940376 0
1009415.4230643766 -19012076.03211695 16937787 0
1011925.0478822048 -19014249.945471648 16935197 0
1014434.7133886196 -19016422.85965447 16932606 0
1016943.3797231575 -19018595.73314871 16930016 0
1019453.0859181585 -19020767.648159653 16927424 0
1021962.832801746 -19022938.563998725 16924832 0
1024471.5805134567 -19025109.43914921 16922240 0
1026981.3273970442 -19027280.354988277 16919647 0
1029490.1157973412 -19029450.23096688 16917054 0
1031999.9033695149 -19031620.147634078 16914460 0
1034508.7324583986 -19033789.024440806 16911866 0
1037018.6014077449 -19035956.942764245 16909271 0
1039527.4711852149 -19038124.8203991 16906676 0
1042037.3401345613 -19040292.73872254 16904080 0
1044546.2506006174 -19042459.617185514 16901484 0
1047055.2017552601 -19044625.496476617 16898888 0
1049564.1529099026 -19046791.37576772 16896291 0
1052074.103236422 -19048957.295747403 16893693 0
1054583.0950796506 -19051122.175866626 16891095 0
1057092.1276114662 -19053286.056813974 16888497 0
1059601.1601432813 -19055449.937761325 16885898 0
1062110.1926750967 -19057613.81870867 16883298 0
1064619.2658954985 -19059776.70048414 16880698 0
1067128.3798044864 -19061938.583087735 16878098 0
1069637.4937134744 -19064100.465691328 16875497 0
1072146.6076224623 -19066262.34829492 16872896 0
1074655.7622200367 -19068423.231726643 16870294 0
1077164.9575061975 -19070583.11598648 16867691 0
1079674.1527923583 -19072743.000246324 16865089 0
1082183.348078519 -19074902.884506162 16862485 0
1084692.6247418525 -19077060.77042225 16859882 0
1087200.861544723 -19079219.614821628 16857277 0
1089710.1382080563 -19081377.500737716 16854673 0
1092219.4555599764 -19083534.387481928 16852067 0
1094727.7737400196 -19085691.233537555 16849462 0
1097237.0910919392 -19087848.120281767 16846856 0
1099746.4898210322 -19090003.00868222 16844249 0
1102254.8486896614 -19092158.855565973 16841642 0
1104764.2474187538 -19094313.74396643 16839034 0
1107272.6876645563 -19096467.592506424 16836426 0
1109782.1270822352 -19098621.481735006 16833818 0
1112290.608016624 -19100774.331103124 16831209 0
1114799.0889510126 -19102927.18047124 16828600 0
1117308.6097458643 -19105079.07135607 16825990 0
1119817.1313688392 -19107230.92155231 16823379 0
1122325.652991814 -19109382.771748554 16820768 0
1124834.255991962 -19111532.62360104 16818157 0
1127343.8174754 -19113683.515313994 16815545 0
1129852.4204755477 -19115833.367166482 16812933 0
1132361.0641642818 -19117982.219847094 16810320 0
1134869.707853016 -19120131.072527707 16807707 0
1137378.3922303366 -19122278.926036444 16805093 0
1139887.0766076567 -19124426.77954518 16802479 0
1142395.8016735637 -19126573.63388204 16799864 0
1144904.5267394707 -19128720.4882189 16797249 0
1147413.2924939638 -19130866.343383882 16794633 0
1149922.058248457 -19133012.198548865 16792017 0
1152429.86551966 -19135157.013853382 16789401 0
1154938.6719627394 -19137301.86984649 16786784 0
1157447.5190944055 -19139445.726667717 16784166 0
1159956.3662260713 -19141589.583488945 16781548 0
1162464.254874447 -19143732.400449716 16778929 0
1164973.142694699 -19145875.258099068 16776310 0
1167482.0712035378 -19148017.116576545 16773691 0
1169990.0005405 -19150158.934365433 16771071 0
1172498.9697379249 -19152299.793671034 16768451 0
1175006.9804520598 -19154439.613116167 16765830 0
1177515.9496494846 -19156580.47242177 16763209 0
1180024.001052206 -19158719.29269503 16760587 0
1182533.0516268034 -19160858.153656878 16757964 0
1185041.1030295244 -19162996.97393014 16755342 0
1187549.195120832 -19165134.795031518 16752718 0
1190058.286384016 -19167272.65682149 16750095 0
1192566.41916391 -19169409.478750996 16747470 0
1195074.5519438037 -19171546.300680503 16744846 0
1197582.725412284 -19173682.12343813 16742221 0
1200090.9395693503 -19175816.947023887 16739595 0
1202599.153726417 -19177951.770609643 16736969 0
1205108.3670553602 -19180086.63488398 16734342 0
1207616.6219010134 -19182220.45929786 16731715 0
1210124.9174352526 -19184353.28453986 16729088 0
1212633.1722809053 -19186487.108953737 16726460 0
1215140.5093318545 -19188618.894335274 16723831 0
1217648.84555468 -19190750.7204054 16721202 0
1220157.1817775057 -19192882.546475522 16718573 0
1222665.5586889177 -19195013.373373773 16715943 0
1225173.976288916 -19197143.20110014 16713313 0
1227681.3947170377 -19199272.988137927 16710682 0
1230189.812317036 -19201402.815864295 16708051 0
1232698.270605621 -19203531.64441879 16705419 0
1235205.7704109154 -19205659.433112822 16702787 0
1237714.2693880864 -19207787.26249544 16700154 0
1240222.8090538438 -19209914.09270618 16697521 0
1242730.3495477247 -19212040.882228337 16694887 0
1245237.8900416056 -19214167.671750493 16692253 0
1247746.4703959492 -19216293.502789356 16689618 0
1250254.092267003 -19218418.293967757 16686983 0
1252762.713309933 -19220543.12583475 16684348 0
1255270.3758695729 -19222666.91784127 16681712 0
1257778.0384292128 -19224790.709847797 16679075 0
1260285.700988853 -19226914.50185432 16676438 0
1262794.4034089558 -19229037.335377555 16673801 0
1265302.1473457683 -19231159.12904033 16671163 0
1267809.891282581 -19233280.922703102 16668524 0
1270317.67590798 -19235401.717194 16665886 0
1272825.460533379 -19237522.51168489 16663246 0
1275333.2858473645 -19239642.307003908 16660606 0
1277841.1111613498 -19241762.10232293 16657966 0
1280348.9771639213 -19243880.89847007 16655325 0
1282856.8431664933 -19245999.694617216 16652684 0
1285363.7506857747 -19248117.450903893 16650043 0
1287871.657376933 -19250235.24787916 16647400 0
1290379.604756677 -19252352.045682546 16644758 0
1292887.5521364217 -19254468.843485937 16642115 0
1295394.541032876 -19256584.601428863 16639471 0
1297902.5291012067 -19258700.400060374 16636827 0
1300409.558686247 -19260815.158831425 16634183 0
1302917.5874431645 -19262929.95829106 16631538 0
1305424.6577167911 -19265043.717890233 16628892 0
1307932.7678508814 -19267156.51900612 16626246 0
1310439.838124508 -19269270.27860529 16623600 0
1312947.9889471843 -19271382.0805493 16620953 0
1315455.140597984 -19273493.841804717 16618306 0
1317962.2922487836 -19275605.603060137 16615658 0
1320470.4837600463 -19277716.405832265 16613009 0
1322977.7167880186 -19279826.168743934 16610361 0
1325484.9498159909 -19281935.9316556 16607712 0
1327992.1828439636 -19284045.694567267 16605062 0
1330499.4565605223 -19286154.458307054 16602412 0
1333006.7302770806 -19288263.22204685 16599761 0
1335514.044682226 -19290370.98661476 16597110 0
1338021.3997759575 -19292477.752010796 16594458 0
1340528.754869689 -19294584.517406832 16591806 0
1343036.1506520065 -19296690.283630997 16589154 0
1345543.5464343245 -19298796.049855154 16586501 0
1348049.9430447654 -19300901.77539073 16583848 0
1350557.3795156698 -19303006.54244301 16581194 0
1353064.8566751606 -19305110.310323417 16578539 0
1355571.3346627743 -19307214.037515238 16575885 0
1358078.8525108513 -19309316.806223772 16573229 0
1360585.3711870515 -19311419.534243718 16570573 0
1363092.929723715 -19313521.30378037 16567917 0
1365599.4890885013 -19315623.03262844 16565261 0
1368107.0476251647 -19317724.80216509 16562603 0
1370613.6883671242 -19319824.532669406 16559946 0
1373120.288420497 -19321925.262345597 16557288 0
1375627.9690229194 -19324024.034366623 16554629 0
1378134.609764879 -19326123.764870938 16551970 0
1380641.3318840112 -19328221.4970315 16549311 0
1383148.0133145568 -19330320.22836394 16546651 0
1385654.776122275 -19332416.961352624 16543990 0
1388161.5389299938 -19334513.694341306 16541329 0
1390668.3017377122 -19336610.42732999 16538668 0
1393175.105234017 -19338706.1611468 16536006 0
1395681.9087303216 -19340801.894963607 16533344 0
1398188.7529152131 -19342896.62960854 16530681 0
1400695.6377886906 -19344990.365081597 16528018 0
1403201.5234902916 -19347084.059866063 16525354 0
1405708.4083637688 -19349177.795339115 16522690 0
1408215.3339258328 -19351270.531640295 16520026 0
1410721.2603160203 -19353363.22725289 16517361 0
1413228.2265666705 -19355454.96438219 16514695 0
1415734.2343340304 -19357545.66165103 16512029 0
1418241.241273267 -19359636.399608456 16509363 0
1420747.2897292133 -19361726.09770542 16506696 0
1423254.3373570363 -19363815.836490966 16504028 0
1425760.385812983 -19365905.53458793 16501361 0
1428266.4749575157 -19367994.233513013 16498692 0
1430772.604790635 -19370081.933266222 16496024 0
1433278.7346237537 -19372169.633019432 16493354 0
1435785.9043173362 -19374256.374289352 16490685 0
1438292.074839041 -19376343.074870687 16488015 0
1440798.286049333 -19378428.776280142 16485344 0
1443304.497259625 -19380514.477689598 16482673 0
1445809.7499866267 -19382599.139238592 16480001 0
1448316.001885505 -19384683.841476172 16477329 0
1450822.2944729696 -19386767.544541873 16474657 0
1453328.5870604343 -19388851.247607578 16471984 0
1455833.9211646083 -19390933.910812818 16469311 0
1458340.2951292456 -19393015.615534768 16466637 0
1460846.6690938831 -19395097.320256718 16463963 0
1463352.0438866436 -19397178.984290082 16461288 0
1465858.4585398673 -19399259.689840157 16458613 0
1468363.8740212144 -19401340.354701642 16455937 0
1470869.3301911475 -19403420.020391252 16453261 0
1473375.826221544 -19405498.727597572 16450584 0
1475881.3230800638 -19407577.394115306 16447907 0
1478386.8199385838 -19409656.06063304 16445230 0
1480892.3574856897 -19411733.727978896 16442552 0
1483397.935721382 -19413810.396152876 16439874 0
1485903.5139570744 -19415887.064326856 16437195 0
1488409.1328813536 -19417962.73332896 16434516 0
1490914.7518056324 -19420038.402331065 16431836 0
1493420.4114184976 -19422113.072161295 16429156 0
1495926.071031363 -19424187.74199152 16426475 0
1498431.7713328144 -19426261.41264987 16423794 0
1500936.4724623894 -19428335.042619634 16421112 0
1503442.2134524272 -19430407.714106113 16418430 0
1505947.954442465 -19432480.385592584 16415748 0
1508452.7369492128 -19434552.017218597 16413065 0
1510958.5186278368 -19436623.689533193 16410381 0
1513463.3418231711 -19438694.32198733 16407697 0
1515968.2057070916 -19440763.955269586 16405013 0
1518474.0687628887 -19442833.62924043 16402328 0
1520978.9326468091 -19444903.26252269 16399643 0
1523483.837219316 -19446971.89663307 16396957 0
1525988.7824804091 -19449039.531571575 16394271 0
1528493.7277415018 -19451107.166510083 16391585 0
1530998.673002595 -19453174.801448587 16388898 0
1533503.6589522748 -19455241.437215213 16386210 0
1536008.6855905405 -19457307.07380997 16383522 0
1538513.7122288067 -19459372.71040472 16380834 0
1541018.7795556583 -19461437.347827595 16378145 0
1543522.8477106346 -19463501.944561884 16375456 0
1546027.9557260731 -19465565.582812883 16372766 0
1548533.0637415112 -19467629.221063882 16370076 0
1551037.2132736598 -19469691.819454417 16367385 0
1553542.3619776845 -19471754.458533537 16364694 0
1556046.5521984196 -19473816.057752196 16362003 0
1558550.7424191542 -19475877.65697086 16359311 0
1561055.9725003517 -19477938.297706228 16356618 0
1563560.2440982591 -19479997.898581132 16353925 0
1566064.5156961665 -19482057.49945604 16351232 0
1568568.7872940742 -19484117.100330945 16348538 0
1571073.0995805678 -19486175.702033974 16345844 0
1573577.4525556478 -19488233.304565128 16343149 0
1576081.8055307283 -19490290.90709628 16340454 0
1578586.1585058083 -19492348.50962743 16337758 0
1581090.5521694748 -19494405.11298671 16335062 0
1583593.987349851 -19496460.676485524 16332366 0
1586098.4217021037 -19498516.280672923 16329669 0
1588602.8967429432 -19500570.885688446 16326972 0
1591106.372611906 -19502625.450015385 16324274 0
1593610.8883413314 -19504679.05585903 16321575 0
1596114.4048988805 -19506732.62101409 16318877 0
1598617.962145016 -19508785.186997276 16316178 0
1601122.5592516144 -19510836.79449717 16313478 0
1603626.157186336 -19512888.361308474 16310778 0
1606129.7551210579 -19514939.928119782 16308077 0
1608633.3937443655 -19516990.495759215 16305376 0
1611137.0323676737 -19519041.063398644 16302675 0
1613640.7116795683 -19521090.631866198 16299973 0
1616144.4316800493 -19523139.201161873 16297271 0
1618648.15168053 -19525187.77045755 16294568 0
1621150.9131977204 -19527235.29989277 16291865 0
1623654.6738867876 -19529282.87001657 16289161 0
1626157.4760925644 -19531329.400279906 16286457 0
1628661.277470218 -19533375.97123183 16283753 0
1631164.1203645812 -19535421.502323292 16281048 0
1633667.9624308213 -19537467.07410334 16278343 0
1636170.8460137711 -19539511.606022924 16275637 0
1638673.7295967205 -19541556.13794251 16272930 0
1641177.6530401334 -19543599.711378805 16270224 0
1643680.6180002554 -19545642.244954634 16267517 0
1646183.582960378 -19547684.778530467 16264809 0
1648686.5479205004 -19549727.312106296 16262101 0
1651189.553569209 -19551768.846510254 16259392 0
1653691.6007346278 -19553809.341053743 16256683 0
1656194.6470719227 -19555849.876285825 16253974 0
1658697.693409218 -19557890.411517903 16251264 0
1661200.8211236857 -19559928.948406227 16248554 0
1663702.9089776906 -19561968.443777844 16245843 0
1666206.0773807447 -19564005.981494293 16243132 0
1668708.205923336 -19566044.477694035 16240421 0
1671210.4158430998 -19568080.97555002 16237709 0
1673713.6249347404 -19570117.51409459 16234996 0
1676215.8348545046 -19572154.011950575 16232283 0
1678718.0854628547 -19574189.510634683 16229570 0
1681220.3360712053 -19576225.009318795 16226856 0
1683722.6273681414 -19578259.508831024 16224142 0
1686224.9593536644 -19580293.009171385 16221427 0
1688727.2913391877 -19582326.50951174 16218712 0
1691228.6648414207 -19584358.96999163 16215997 0
1693731.03751553 -19586391.47116011 16213281 0
1696233.4508782257 -19588422.973156717 16210565 0
1698734.8650690452 -19590454.43446473 16207848 0
1701237.3191203268 -19592484.937289454 16205130 0
1703738.7739997325 -19594515.399425596 16202413 0
1706240.2695677243 -19596544.862389863 16199695 0
1708742.764307593 -19598574.36604271 16196976 0
1711244.3005641708 -19600602.8298351 16194257 0
1713745.8368207496 -19602631.293627482 16191538 0
1716247.4137659138 -19604658.758247994 16188818 0
1718749.0313996647 -19606685.22369663 16186097 0
1721250.649033416 -19608711.689145263 16183377 0
1723751.3081838768 -19610737.114733435 16180655 0
1726252.9665062139 -19612762.58101019 16177934 0
1728754.6655171374 -19614787.04811507 16175212 0
1731255.3653561845 -19616811.474531364 16172489 0
1733757.105055695 -19618834.942464367 16169766 0
1736257.8455833285 -19620858.369708788 16167043 0
1738758.626799548 -19622880.797781326 16164319 0
1741260.4071876449 -19624903.266542453 16161595 0
1743761.2290924508 -19626924.69544312 16158870 0
1746262.0916858432 -19628945.125171907 16156145 0
1748762.9542792356 -19630965.554900695 16153420 0
1751263.8168726284 -19632985.984629482 16150694 0
1753764.7201546072 -19635005.415186394 16147968 0
1756264.664953296 -19637023.80588284 16145241 0
1758765.608923861 -19639042.237267878 16142514 0
1761266.593583013 -19641059.669481035 16139786 0
1763766.5790702882 -19643077.061005607 16137058 0
1766267.6044180263 -19645093.49404689 16134329 0
1768767.6305938875 -19647109.886399582 16131600 0
1771267.697458335 -19649125.279580403 16128871 0
1773767.8050113693 -19651139.673589345 16126141 0
1776267.9125644034 -19653154.067598283 16123411 0
1778769.019289314 -19655168.502295814 16120680 0
1781268.168359058 -19657181.856444295 16117949 0
1783768.3572892647 -19659194.252109483 16115218 0
1786268.5462194718 -19661206.64777467 16112486 0
1788768.7758382647 -19663218.044267986 16109753 0
1791268.0062851815 -19665229.40007271 16107020 0
1793768.276592561 -19667239.797394145 16104287 0
1796267.547728064 -19669250.154026993 16101553 0
1798767.8587240302 -19671259.552176554 16098819 0
1801267.1705481191 -19673268.90963753 16096085 0
1803766.523060795 -19675277.267926622 16093350 0
1806266.9154339337 -19677284.667732432 16090614 0
1808766.3086351957 -19679292.02684965 16087879 0
1811265.742525044 -19681298.386794996 16085142 0
1813764.177243016 -19683304.706051752 16082406 0
1816263.6111328644 -19685311.06599709 16079669 0
1818763.1263998856 -19687315.427598685 16076931 0
1821262.6009783205 -19689320.788372148 16074193 0
1823761.157762051 -19691324.110113274 16071455 0
1826260.7137176585 -19693327.47254299 16068716 0
1828759.2705013894 -19695330.794284116 16065977 0
1831257.867973707 -19697333.116853368 16063237 0
1833756.4654460242 -19699335.439422615 16060497 0
1836256.1027788043 -19701336.80350858 16057757 0
1838754.7816282941 -19703337.127734076 16055016 0
1841253.4604777843 -19705337.451959573 16052274 0
1843751.1808439842 -19707336.736324605 16049532 0
1846249.9003820603 -19709336.06137823 16046790 0
1848748.6606087233 -19711334.38725997 16044048 0
1851247.420835386 -19713332.713141717 16041305 0
1853745.2225787584 -19715329.999162998 16038561 0
1856243.024322131 -19717327.28518428 16035817 0
1858741.8659259663 -19719323.61272227 16033073 0
1861239.7490465115 -19721318.900399797 16030328 0
1863737.6321670567 -19723314.188077323 16027583 0
1866235.5559761883 -19725308.476582978 16024837 0
1868733.4797853199 -19727302.76508863 16022091 0
1871231.4035944515 -19729297.05359428 16019345 0
1873729.408780756 -19731289.343756177 16016598 0
1876227.3732784737 -19733282.633089952 16013851 0
1878725.4191533644 -19735273.924079973 16011103 0
1881222.4658563784 -19737265.174381413 16008355 0
1883720.511731269 -19739256.465371434 16005607 0
1886217.5991228693 -19741246.71650099 16002858 0
1888714.7272030562 -19743235.96845867 16000108 0
1891211.8552832429 -19745225.220416356 15997358 0
1893709.9825353064 -19747214.513062622 15994608 0
1896207.191992666 -19749201.766676553 15991858 0
1898704.360761439 -19751190.01946236 15989106 0
1901200.6117355083 -19753176.233215824 15986355 0
1903697.8211928676 -19755163.486829754 15983603 0
1906195.1120274002 -19757148.74209993 15980851 0
1908691.403690056 -19759133.95668152 15978098 0
1911188.6945245878 -19761119.211951695 15975345 0
1913685.0268758298 -19763103.427361406 15972591 0
1916182.3990875352 -19765086.68428783 15969837 0
1918678.7721273634 -19767069.900525667 15967083 0
1921175.1451671915 -19769053.116763502 15964328 0
1923671.5995841925 -19771034.334657587 15961573 0
1926168.013312607 -19773016.551723547 15958817 0
1928664.5084181947 -19774996.770445757 15956061 0
1931161.0035237821 -19776976.98916796 15953304 0
1933656.4994574934 -19778957.16720158 15950547 0
1936153.0352516673 -19780936.386751913 15947790 0
1938648.5718739643 -19782915.565613654 15945032 0
1941145.1483567243 -19784893.78599211 15942274 0
1943640.766356194 -19786870.9665101 15939516 0
1946136.3843556643 -19788848.14702809 15936756 0
1948633.0422155971 -19790824.369062793 15933997 0
1951128.7009036532 -19792800.550408904 15931237 0
1953624.400280296 -19794775.73258314 15928477 0
1956119.1004850622 -19796750.874068793 15925716 0
1958614.840550291 -19798725.057071153 15922955 0
1961110.6213041067 -19800698.240901638 15920194 0
1963605.4028860456 -19802671.384043537 15917432 0
1966101.1836398607 -19804644.567874018 15914669 0
1968596.0059103859 -19806616.711844042 15911906 0
1971091.8680413743 -19808587.897330772 15909143 0
1973586.7310004854 -19810559.042128917 15906380 0
1976081.6346481831 -19812529.187755186 15903616 0
1978576.538295881 -19814499.333381455 15900851 0
1981071.4826321653 -19816468.479835846 15898086 0
1983566.467657036 -19818436.62711836 15895321 0
1986061.4526819065 -19820404.774400875 15892555 0
1988555.4385349008 -19822372.880994804 15889789 0
1991050.4642483578 -19824340.029105444 15887023 0
1993544.5314785242 -19826306.13735562 15884256 0
1996039.5978805674 -19828272.286294382 15881488 0
1998533.705799321 -19830237.395372678 15878721 0
2001027.8137180738 -19832202.504450977 15875952 0
2003521.9623254135 -19834166.6143574 15873184 0
2006016.1109327527 -19836130.724263825 15870415 0
2008510.3002286786 -19838093.83499837 15867645 0
2011004.4895246043 -19840056.945732914 15864875 0
2013498.7195091168 -19842019.057295583 15862105 0
2015991.9910103388 -19843980.12899779 15859334 0
2018486.261683437 -19845941.241388585 15856563 0
2020979.5738732454 -19847901.31391891 15853792 0
2023473.8852349306 -19849861.42713783 15851020 0
2025967.2381133246 -19851820.500496283 15848248 0
2028460.5909917194 -19853779.573854733 15845475 0
2030953.9845587006 -19855737.64804131 15842702 0
2033447.3781256815 -19857695.722227886 15839928 0
2035940.812381249 -19859652.79724259 15837154 0
2038434.2873254027 -19861608.873085413 15834380 0
2040926.7630976802 -19863564.908239648 15831605 0
2043420.2787304202 -19865519.984910596 15828829 0
2045913.7943631602 -19867475.06158154 15826054 0
2048406.35151261 -19869429.098392025 15823278 0
2050898.90866206 -19871383.135202512 15820501 0
2053391.506500096 -19873336.172841117 15817724 0
2055885.103510009 -19875289.25116831 15814947 0
2058377.7420366318 -19877241.289635044 15812169 0
2060870.4212518404 -19879192.328929894 15809391 0
2063362.1012951727 -19881143.327536166 15806613 0
2065854.780510382 -19883094.36683102 15803834 0
2068347.500414177 -19885044.406953994 15801054 0
2070839.2618346822 -19886993.407216508 15798274 0
2073332.0224270641 -19888942.448167615 15795494 0
2075823.8245361554 -19890890.44925825 15792714 0
2078315.6673338334 -19892837.451177012 15789933 0
2080808.4686148018 -19894785.492956236 15787151 0
2083300.352101066 -19896731.49570312 15784369 0
2085792.23558733 -19898677.498450007 15781587 0
2088284.1597621804 -19900622.502025016 15778804 0
2090775.0847651544 -19902567.46491144 15776021 0
2093267.0089400047 -19904512.468486447 15773238 0
2095759.014492028 -19906455.4737177 15770454 0
2098249.980183589 -19908399.43743225 15767669 0
2100742.0264241984 -19910341.443491627 15764885 0
2103233.073492931 -19912283.40886242 15762099 0
2105724.1205616645 -19914225.374233212 15759314 0
2108215.208318983 -19916166.340432122 15756528 0
2110706.3367648893 -19918106.307459164 15753741 0
2113197.465210795 -19920046.274486203 15750955 0
2115688.593656701 -19921986.24151324 15748167 0
2118179.762791193 -19923925.209368404 15745380 0
2120669.9734423948 -19925863.137363106 15742592 0
2123161.1832654737 -19927801.10604639 15739803 0
2125651.434605262 -19929738.034869213 15737014 0
2128142.7258055126 -19931674.005208746 15734225 0
2130633.0178338876 -19933609.934859693 15731435 0
2133123.309862262 -19935545.864510637 15728645 0
2135613.642579223 -19937480.79498971 15725855 0
2138104.015984771 -19939414.726296905 15723064 0
2140594.3893903177 -19941348.657604095 15720272 0
2143084.8034844515 -19943281.589739412 15717481 0
2145575.2175785853 -19945214.52187473 15714688 0
2148064.6731894286 -19947146.414149582 15711896 0
2150555.1279721484 -19949078.347113024 15709103 0
2153044.6242715786 -19951009.240216002 15706309 0
2155535.160431471 -19952939.17483569 15703515 0
2158024.6974194874 -19954869.068766788 15700721 0
2160514.2344075036 -19956798.96269789 15697927 0
2163003.8120841063 -19958727.857457113 15695131 0
2165493.430449295 -19960655.75304446 15692336 0
2167983.048814484 -19962583.648631807 15689540 0
2170471.708696383 -19964510.504358694 15686744 0
2172961.3677501576 -19966437.400774162 15683947 0
2175451.0674925195 -19968363.29801776 15681150 0
2177939.808751591 -19970288.15540089 15678352 0
2180428.5500106625 -19972213.01278402 15675554 0
2182918.290441611 -19974137.91085574 15672756 0
2185407.0723892683 -19976061.769066993 15669957 0
2187895.8950255127 -19977984.62810637 15667158 0
2190384.7176617566 -19979907.487145748 15664358 0
2192873.5809865873 -19981829.34701325 15661558 0
2195362.4443114176 -19983751.206880752 15658758 0
2197850.3491529576 -19985672.02688779 15655957 0
2200339.2531663743 -19987592.88758342 15653156 0
2202827.198696501 -19989512.70841858 15650354 0
2205316.1840870907 -19991431.570770454 15647552 0
2207804.170305804 -19993350.39243374 15644749 0
2210292.197213103 -19995268.214925148 15641946 0
2212781.223292279 -19997186.078105144 15639143 0
2215269.2501995787 -19999103.90059655 15636339 0
2217757.3584840503 -20001019.72474421 15633535 0
2220244.4675966464 -20002935.508203276 15630731 0
2222732.575881118 -20004851.332350932 15627926 0
2225220.724854177 -20006766.15732671 15625120 0
2227707.8746553585 -20008680.941613905 15622314 0
2230196.064317003 -20010594.767417807 15619508 0
2232683.2954953574 -20012507.55336125 15616701 0
2235170.526673713 -20014420.339304686 15613894 0
2237658.79771253 -20016332.166764837 15611087 0
2240146.0695794704 -20018243.9535364 15608279 0
2242633.3821349978 -20020154.741136085 15605471 0
2245120.694690525 -20022065.528735776 15602662 0
2247607.0487627625 -20023975.276474997 15599853 0
2250094.4020068757 -20025885.06490281 15597043 0
2252581.795939576 -20027793.85415874 15594233 0
2255068.231388986 -20029701.60355421 15591423 0
2257555.666010272 -20031609.393638268 15588612 0
2260042.101459682 -20033517.14303374 15585801 0
2262528.6182862646 -20035422.894085456 15582989 0
2265016.093596137 -20037329.684997637 15580177 0
2267502.651111306 -20039234.436877478 15577365 0
2269989.2086264747 -20041139.188757315 15574552 0
2272474.766969767 -20043043.899948575 15571739 0
2274961.3651735224 -20044947.652656537 15568925 0
2277447.963377278 -20046851.405364502 15566111 0
2279933.603097743 -20048754.118212003 15563296 0
2282420.2826786702 -20050655.872576214 15560481 0
2284905.9630877217 -20052557.58625184 15557666 0
2287392.683357236 -20054458.341444172 15554850 0
2289878.404454874 -20056359.05594792 15552034 0
2292364.166241098 -20058258.77127979 15549218 0
2294849.928027322 -20060158.486611664 15546401 0
2297335.7305021323 -20062057.20277166 15543583 0
2299821.532976943 -20063955.91893165 15540765 0
2302307.3761403398 -20065853.635919772 15537947 0
2304792.260820446 -20067750.31304743 15535128 0
2307278.144672429 -20069647.030863672 15532309 0
2309763.0700411224 -20071542.70881945 15529490 0
2312248.994581692 -20073438.427463815 15526670 0
2314733.919950385 -20075334.105419595 15523849 0
2317218.92669625 -20077227.78503162 15521029 0
2319703.9334421162 -20079121.464643646 15518208 0
2322188.9401879823 -20081015.14425567 15515386 0
2324673.987622434 -20082907.824695818 15512564 0
2327159.0350568863 -20084800.50513597 15509742 0
2329644.123179924 -20086692.186404243 15506919 0
2332129.251991549 -20088582.86850064 15504095 0
2334613.381631297 -20090473.50990845 15501272 0
2337098.5511315083 -20092363.192832965 15498448 0
2339582.7214598428 -20094252.8350689 15495623 0
2342066.9324767636 -20096141.47813296 15492798 0
2344551.1434936845 -20098030.12119701 15489973 0
2347036.3943710686 -20099917.805777777 15487147 0
2349520.646076576 -20101805.44966996 15484321 0
2352003.9392987927 -20103692.053701676 15481494 0
2354488.2723814724 -20105577.699250102 15478667 0
2356972.6054641525 -20107463.34479853 15475840 0
2359456.9385468327 -20109348.990346957 15473012 0
2361940.3131462224 -20111233.59603492 15470184 0
2364424.727606075 -20113117.243239593 15467355 0
2366908.1428940506 -20115000.849755682 15464526 0
2369391.5988706136 -20116883.457099892 15461697 0
2371876.094707639 -20118765.105960812 15458867 0
2374359.5506842015 -20120647.713305026 15456036 0
2376843.0880379365 -20122528.322305482 15453206 0
2379326.6253916714 -20124408.93130594 15450375 0
2381809.16357353 -20126289.49961781 15447543 0
2384292.741615852 -20128169.10944639 15444711 0
2386776.3603467597 -20130047.720103096 15441878 0
2389258.979905791 -20131926.290071215 15439046 0
2391742.639325285 -20133803.90155604 15436212 0
2394225.2995729027 -20135681.47235228 15433379 0
2396708.9996809834 -20137558.084665235 15430545 0
2399191.700617187 -20139434.6562896 15427710 0
2401674.442241978 -20141310.22874209 15424875 0
2404157.2245553546 -20143184.8020227 15422040 0
2406640.006868731 -20145059.37530331 15419204 0
2409122.789182108 -20146933.948583923 15416368 0
2411604.6130121946 -20148807.482004073 15413531 0
2414087.476702744 -20150680.05694093 15410694 0
2416570.3403932936 -20152552.631877787 15407857 0
2419052.2456005528 -20154424.166954182 15405019 0
2421535.1499796887 -20156295.74271917 15402180 0
2424017.095875534 -20158166.278623685 15399342 0
767427.6155939179 -18800159.397185568 17185235 0
769939.2840471072 -18802381.433544688 17182691 0
772449.9126398338 -18804604.428387098 17180146 0
774961.6217816095 -18806825.465574343 17177601 0
777472.3317515085 -18809046.462073002 17175055 0
779983.0417214076 -18811267.458571658 17172509 0
782493.7923798932 -18813487.455898438 17169962 0
785005.5828988417 -18815706.494741928 17167415 0
787516.3335573272 -18817926.492068708 17164867 0
790027.1655929855 -18820144.491051737 17162319 0
792537.9976286436 -18822362.490034766 17159770 0
795048.8296643018 -18824580.489017796 17157221 0
797559.7023885465 -18826797.488828946 17154672 0
800070.6158013775 -18829013.48946822 17152122 0
802581.5292142084 -18831229.490107495 17149571 0
805092.4833156258 -18833444.49157489 17147020 0
807603.437417043 -18835659.49304229 17144469 0
810113.3923465837 -18837874.4538211 17141917 0
812624.3871365875 -18840088.456116624 17139365 0
815135.4226151775 -18842301.45924027 17136812 0
817646.4580937674 -18844514.462363914 17134258 0
820156.4944004811 -18846727.42479897 17131705 0
822667.6112562438 -18848938.429578863 17129150 0
825177.6882515434 -18851150.392842043 17126596 0
827688.8051073063 -18853361.397621937 17124041 0
830198.9634797788 -18855571.362541366 17121485 0
832710.1210241278 -18857781.36814938 17118929 0
835220.3200851869 -18859990.33389693 17116372 0
837730.5191462457 -18862199.299644485 17113815 0
840241.7173791811 -18864408.306080624 17111258 0
842751.9978174128 -18866615.273484424 17108700 0
845262.2375670581 -18868823.2400601 17106141 0
847772.5586938759 -18871029.208292022 17103582 0
850283.8383039843 -18873236.216384407 17101023 0
852794.1594308021 -18875442.18461633 17098463 0
855304.5212462064 -18877647.153676376 17095902 0
857814.8830616109 -18879852.122736424 17093342 0
860325.2855656014 -18882056.092624594 17090780 0
862835.6880695921 -18884260.06251276 17088218 0
865346.1312621692 -18886463.033229053 17085656 0
867856.5744547462 -18888666.003945347 17083093 0
870366.0591640329 -18890867.934801176 17080530 0
872876.5837337829 -18893068.907173716 17077967 0
875387.0676149462 -18895270.878718134 17075402 0
877897.6328732822 -18897470.851918794 17072838 0
880407.1582711556 -18899671.783602748 17070273 0
882917.764218078 -18901870.757631537 17067707 0
885428.3701650003 -18904069.73166032 17065141 0
887937.9769400464 -18906268.665000524 17062575 0
890448.6235755552 -18908466.63985743 17060008 0
892958.2710391873 -18910664.574025754 17057440 0
895468.9583632827 -18912861.549710788 17054872 0
897978.6465155012 -18915058.484707236 17052304 0
900489.3745281827 -18917254.46122039 17049735 0
902999.1440575742 -18919449.397873085 17047166 0
905508.8728983791 -18921645.333697658 17044596 0
908019.6822882335 -18923839.311867062 17042026 0
910529.4925062112 -18926033.249347877 17039455 0
913039.3027241887 -18928227.186828695 17036884 0
915549.1536307529 -18930420.12513764 17034312 0
918059.0452259033 -18932612.0642747 17031740 0
920569.8953043438 -18934805.043272227 17029167 0
923079.8275880807 -18936995.983237416 17026594 0
925589.7598718174 -18939186.9232026 17024020 0
928099.6921555541 -18941377.86316779 17021446 0
930609.6651278774 -18943567.803961102 17018872 0
933118.6796169102 -18945756.704893947 17016297 0
935628.6932778198 -18947945.646515384 17013721 0
938138.7069387293 -18950134.588136815 17011145 0
940648.761288225 -18952322.530586373 17008569 0
943158.8563263073 -18954509.473864056 17005992 0
945667.9521925129 -18956696.37645315 17003414 0
948178.047230595 -18958883.319730833 17000836 0
950688.1829572637 -18961069.263836633 16998258 0
953197.3602006419 -18963254.16808198 16995679 0
955707.5366158971 -18965439.113015905 16993100 0
958217.7130311519 -18967624.057949834 16990520 0
960726.9309631165 -18969807.9630233 16987940 0
963237.1887555443 -18971990.909613475 16985359 0
965746.4473760952 -18974173.815515064 16982778 0
968255.7466852326 -18976355.722244773 16980196 0
970766.0451662467 -18978537.669663075 16977614 0
973275.3444753841 -18980719.576392785 16975032 0
975784.684473108 -18982900.48395062 16972449 0
978295.0643312946 -18985080.433025166 16969865 0
980804.4450176046 -18987260.341411125 16967281 0
983313.8663925013 -18989439.250625208 16964696 0
985823.2877673977 -18991618.159839287 16962111 0
988332.7091422941 -18993797.06905337 16959526 0
990843.2110662401 -18995974.020612285 16956940 0
993352.6731297228 -18998151.930654492 16954354 0
995862.1758817922 -19000328.84152482 16951767 0
998371.7193224477 -19002504.753223274 16949179 0
1000881.2627631031 -19004680.664921727 16946591 0
1003389.8477204686 -19006855.536759716 16944003 0
1005899.4318497105 -19009030.449286293 16941414 0
1008409.056667539 -19011204.36264099 16938825 0
1010918.6814853671 -19013378.27599569 16936235 0
1013428.3469917817 -19015551.190178514 16933645 0
1015938.0124981966 -19017724.104361337 16931054 0
1018446.6788327345 -19019896.97785557 16928463 0
1020956.425716322 -19022067.893694643 16925872 0
1023466.1319113229 -19024239.808705587 16923279 0
1025974.92031162 -19026409.684684195 16920687 0
1028484.6671952074 -19028580.600523267 16918094 0
1030993.4962840909 -19030749.477329995 16915500 0
1033503.2838562648 -19032919.393997185 16912906 0
1036012.1536337346 -19035087.27163204 16910312 0
1038521.9818944945 -19037256.18912736 16907717 0
1041030.8923605509 -19039423.067590334 16905121 0
1043539.7621380207 -19041590.945225187 16902525 0
1046049.71246454 -19043756.86520488 16899929 0
1048558.6229305961 -19045923.743667852 16897332 0
1051067.6147738248 -19048088.623787075 16894735 0
1053576.5659284675 -19050254.503078174 16892137 0
1056086.5976321595 -19052418.42471411 16889538 0
1058595.630163975 -19054582.30566146 16886940 0
1061104.6626957902 -19056746.186608806 16884340 0
1063613.7359161917 -19058909.068384275 16881741 0
1066122.8091365935 -19061071.950159747 16879140 0
1068631.9230455814 -19063233.83276334 16876540 0
1071141.0369545696 -19065395.715366933 16873939 0
1073650.191552144 -19067556.59879865 16871337 0
1076159.3461497182 -19069717.48223037 16868735 0
1078668.5414358792 -19071877.366490208 16866132 0
1081176.7782387496 -19074036.21088959 16863529 0
1083685.9735249104 -19076196.09514943 16860926 0
1086195.2501882436 -19078353.98106552 16858322 0
1088704.5268515772 -19080511.866981607 16855717 0
1091212.804343034 -19082669.71220911 16853112 0
1093722.1216949536 -19084826.598953318 16850507 0
1096231.4390468737 -19086983.48569753 16847901 0
1098739.7979155034 -19089139.332581278 16845294 0
1101249.1966445958 -19091294.220981736 16842687 0
1103757.596201812 -19093449.068693608 16840080 0
1106266.9949309044 -19095603.957094062 16837472 0
1108775.4351767066 -19097757.80563406 16834864 0
1111284.8745943855 -19099911.694862645 16832255 0
1113793.3555287742 -19102064.544230763 16829646 0
1116301.877151749 -19104216.394427 16827036 0
1118811.3979466008 -19106368.285311833 16824426 0
1121319.919569576 -19108520.135508075 16821815 0
1123828.4818811375 -19110670.98653244 16819204 0
1126337.0848812852 -19112820.838384926 16816592 0
1128846.6870533093 -19114970.730926003 16813980 0
1131355.290053457 -19117120.58277849 16811368 0
1133863.9337421912 -19119269.435459103 16808755 0
1136372.6181195118 -19121417.288967837 16806141 0
1138881.3024968323 -19123565.142476574 16803527 0
1141389.986874153 -19125712.99598531 16800912 0
1143898.7119400594 -19127859.85032217 16798297 0
1146407.4776945526 -19130005.70548715 16795682 0
1148916.2434490458 -19132151.560652133 16793066 0
1151425.009203539 -19134297.415817115 16790450 0
1153932.816474742 -19136442.231121637 16787833 0
1156441.663606408 -19138586.08794287 16785215 0
1158950.5107380738 -19140729.944764096 16782598 0
1161459.398558326 -19142872.80241345 16779979 0
1163967.287206702 -19145015.619374212 16777361 0
1166476.1750269542 -19147158.477023568 16774741 0
1168984.104363916 -19149300.294812456 16772122 0
1171493.073561341 -19151441.154118057 16769501 0
1174002.042758766 -19153582.013423655 16766881 0
1176510.0534729008 -19155721.832868796 16764260 0
1179018.0641870354 -19157861.65231393 16761638 0
1181527.1147616333 -19160000.513275776 16759016 0
1184035.1661643544 -19162139.333549038 16756393 0
1186544.2167389523 -19164278.194510885 16753770 0
1189052.3495188458 -19166415.01644039 16751147 0
1191560.4416101533 -19168552.837541774 16748523 0
1194068.5743900472 -19170689.65947128 16745898 0
1196577.747030404 -19172825.522917498 16743273 0
1199085.9204988843 -19174961.34567513 16740648 0
1201594.1346559506 -19177096.169260886 16738022 0
1204102.3488130174 -19179230.992846634 16735396 0
1206610.60365867 -19181364.817260515 16732769 0
1209118.8585043233 -19183498.641674392 16730141 0
1211627.1540385624 -19185631.46691639 16727514 0
1214135.4495728018 -19187764.29215839 16724885 0
1216643.7857956274 -19189896.118228517 16722257 0
1219152.1220184532 -19192027.944298644 16719627 0
1221659.4997579884 -19194158.7305083 16716998 0
1224167.8766694004 -19196289.55740655 16714368 0
1226676.2942693988 -19198419.38513292 16711737 0
1229184.7118693972 -19200549.21285929 16709106 0
1231692.1709861052 -19202678.0007252 16706474 0
1234200.6699632762 -19204805.830107816 16703842 0
1236709.128251861 -19206934.65866231 16701210 0
1239216.6687457417 -19209061.448184468 16698577 0
1241725.2084114994 -19211188.278395206 16695943 0
1244232.7489053803 -19213315.06791736 16693309 0
1246740.3300878475 -19215440.85826764 16690675 0
1249248.9104421912 -19217566.689306505 16688040 0
1251756.5323132449 -19219691.480484907 16685404 0
1254265.1940447614 -19221815.31318002 16682769 0
1256772.815915815 -19223940.10435842 16680132 0
1259280.5191640412 -19226062.897193067 16677496 0
1261788.2224122675 -19228185.690027718 16674858 0
1264295.9256604938 -19230308.482862365 16672221 0
1266804.668769183 -19232430.317213725 16669582 0
1269312.453394582 -19234551.111704618 16666944 0
1271820.238019981 -19236671.906195518 16664305 0
1274328.0226453799 -19238792.70068641 16661665 0
1276835.8479593652 -19240912.49600543 16659025 0
1279343.713961937 -19243031.292152572 16656384 0
1281850.580792632 -19245150.047611125 16653743 0
1284358.4467952037 -19247268.84375827 16651102 0
1286866.353486362 -19249386.640733533 16648460 0
1289374.3008661065 -19251503.438536923 16645817 0
1291882.2482458507 -19253620.236340314 16643174 0
1294389.2371423051 -19255735.99428324 16640531 0
1296897.225210636 -19257851.792914752 16637887 0
1299404.2141070901 -19259967.550857678 16635243 0
1301912.2835525936 -19262081.35114544 16632598 0
1304419.3131376342 -19264196.109916486 16629953 0
1306927.3825831376 -19266309.910204247 16627307 0
1309434.493545351 -19268422.670631543 16624661 0
1311942.603679441 -19270535.471747424 16622014 0
1314449.7553302406 -19272647.233002845 16619367 0
1316956.9069810403 -19274758.994258266 16616719 0
1319465.0984923025 -19276869.797030393 16614071 0
1321972.2908316888 -19278980.55911394 16611423 0
1324479.523859661 -19281090.32202561 16608774 0
1326986.7568876338 -19283200.08493727 16606124 0
1329494.030604192 -19285308.84867706 16603474 0
1332001.3043207508 -19287417.612416852 16600824 0
1334508.618725896 -19289525.376984768 16598173 0
1337015.9331310415 -19291633.14155268 16595522 0
1339523.2882247726 -19293739.906948715 16592870 0
1342030.643318504 -19295846.67234475 16590218 0
1344538.039100822 -19297952.438568916 16587565 0
1347045.4755717262 -19300057.205621198 16584912 0
1349551.8721821674 -19302162.931156773 16582258 0
1352059.349341658 -19304266.69903718 16579604 0
1354566.8265011483 -19306370.466917586 16576949 0
1357073.3044887623 -19308474.194109406 16574294 0
1359580.822336839 -19310576.96281794 16571638 0
1362087.3817016259 -19312678.691666007 16568982 0
1364594.9402382893 -19314780.46120266 16566326 0
1367101.499603076 -19316882.19005073 16563669 0
1369609.0988283255 -19318982.960415505 16561011 0
1372115.7395702847 -19321082.69091982 16558354 0
1374622.3803122442 -19323182.421424136 16555695 0
1377129.0210542034 -19325282.151928447 16553036 0
1379636.7016566258 -19327380.923949473 16550377 0
1382143.4237757577 -19329478.656110033 16547717 0
1384650.1458948902 -19331576.388270594 16545057 0
1387156.9087026087 -19333673.121259283 16542396 0
1389663.671510327 -19335769.85424797 16539735 0
1392170.4750066316 -19337865.588064775 16537074 0
1394677.278502937 -19339961.321881585 16534411 0
1397184.0819992414 -19342057.05569839 16531749 0
1399689.9677008425 -19344150.750482857 16529086 0
1402196.8118857336 -19346245.48512779 16526422 0
1404703.7374477973 -19348338.221428968 16523759 0
1407209.6231493985 -19350431.916213438 16521094 0
1409716.5894000486 -19352523.65334274 16518429 0
1412223.514962113 -19354616.38964392 16515764 0
1414729.5227294725 -19356707.08691276 16513098 0
1417236.5296687095 -19358797.824870184 16510432 0
1419742.537436069 -19360888.522139024 16507765 0
1422248.5858920156 -19362978.22023599 16505098 0
1424755.6335198386 -19365067.959021535 16502430 0
1427261.7226643714 -19367156.65794662 16499762 0
1429767.8524974906 -19369244.35769983 16497094 0
1432273.9823306098 -19371332.05745304 16494425 0
1434780.112163729 -19373419.75720625 16491755 0
1437287.2818573108 -19375506.49847617 16489085 0
1439793.4930676029 -19377592.19988562 16486415 0
1442299.7042778945 -19379677.90129508 16483744 0
1444804.91631631 -19381763.56201595 16481073 0
1447311.1682151877 -19383848.26425353 16478401 0
1449817.4608026524 -19385931.96731923 16475729 0
1452323.753390117 -19388015.670384936 16473056 0
1454830.0866661682 -19390098.37427876 16470383 0
1457335.4207703425 -19392181.037484 16467709 0
1459841.7947349795 -19394262.74220595 16465035 0
1462347.1695277402 -19396344.406239316 16462360 0
1464853.5434923777 -19398426.110961266 16459685 0
1467358.9996623108 -19400505.776650876 16457010 0
1469865.455004121 -19402585.48302907 16454334 0
1472370.9111740543 -19404665.14871868 16451658 0
1474876.4080325742 -19406743.815236416 16448981 0
1477381.904891094 -19408822.481754154 16446304 0
1479888.441610077 -19410900.18978859 16443626 0
1482393.9791571829 -19412977.85713445 16440948 0
1484899.5573928752 -19415054.52530843 16438269 0
1487405.176317154 -19417130.194310535 16435590 0
1489910.7952414332 -19419205.863312643 16432910 0
1492416.4141657117 -19421281.532314744 16430230 0
1494921.0746067003 -19423356.161456384 16427550 0
1497426.774908152 -19425429.832114737 16424869 0
1499932.4752096033 -19427503.502773084 16422187 0
1502438.1755110552 -19429577.173431437 16419505 0
1504942.9173292166 -19431649.804229327 16416823 0
1507448.6990078408 -19433721.476543926 16414140 0
1509953.4815145885 -19435793.108169936 16411457 0
1512459.303881799 -19437863.78131266 16408774 0
1514964.1270771334 -19439934.41376679 16406089 0
1517468.9909610539 -19442004.04704905 16403405 0
1519974.8540168507 -19444073.721019894 16400720 0
1522479.7585893576 -19446142.355130274 16398034 0
1524984.663161864 -19448210.989240658 16395348 0
1527489.6084229571 -19450278.624179162 16392662 0
1529994.5536840502 -19452346.259117667 16389975 0
1532499.53963373 -19454412.894884296 16387288 0
1535004.566271996 -19456478.53147905 16384600 0
1537509.5929102614 -19458544.1680738 16381912 0
1540014.6195485275 -19460609.80466855 16379223 0
1542518.6877035033 -19462674.40140284 16376534 0
1545023.7957189414 -19464738.03965384 16373844 0
1547528.9037343801 -19466801.677904837 16371154 0
1550033.012577942 -19468865.27546725 16368464 0
1552538.161281967 -19470927.914546374 16365773 0
1555042.351502702 -19472989.513765033 16363082 0
1557546.5417234367 -19475051.112983692 16360390 0
1560051.7718046345 -19477111.75371906 16357698 0
1562556.0027139555 -19479172.353765845 16355005 0
1565060.2743118627 -19481231.95464075 16352312 0
1567564.5459097703 -19483291.555515654 16349618 0
1570068.8581962641 -19485350.157218684 16346924 0
1572573.1704827577 -19487408.758921713 16344230 0
1575077.5234578382 -19489466.361452866 16341535 0
1577581.876432918 -19491523.963984024 16338839 0
1580086.2700965847 -19493580.5673433 16336143 0
1582590.7044488373 -19495636.171530697 16333447 0
1585094.1396292136 -19497691.73502951 16330750 0
1587598.5739814667 -19499747.339216914 16328053 0
1590103.0490223058 -19501801.944232434 16325355 0
1592606.5655798549 -19503855.509387497 16322657 0
1595110.082137404 -19505909.074542552 16319959 0
1597614.638555416 -19507961.681214325 16317260 0
1600118.1958015515 -19510014.24719751 16314560 0
1602621.7530476868 -19512066.813180692 16311860 0
1605125.3916709945 -19514117.38082012 16309160 0
1607629.9887775932 -19516168.988320015 16306459 0
1610133.6680894876 -19518218.55678757 16303758 0
1612636.3482295054 -19520268.08456654 16301057 0
1615140.0275414 -19522317.65303409 16298354 0
1617643.7475418802 -19524366.22232977 16295652 0
1620147.4675423612 -19526414.791625448 16292949 0
1622651.2282314284 -19528462.361749247 16290245 0
1625154.0304372052 -19530508.89201259 16287542 0
1627657.8318148588 -19532555.46296451 16284837 0
1630160.634020636 -19534601.993227847 16282132 0
1632664.4760868754 -19536647.565007895 16279427 0
1635167.3596698255 -19538692.096927483 16276722 0
1637670.2432527752 -19540736.628847066 16274015 0
1640174.1666961876 -19542780.20228336 16271309 0
1642677.0909677236 -19544823.73503107 16268602 0
1645180.0559278463 -19546866.268606897 16265895 0
1647683.0208879686 -19548908.802182734 16263187 0
1650186.026536677 -19550950.336586684 16260478 0
1652689.0321853862 -19552991.87099064 16257770 0
1655191.0793508044 -19555032.36553413 16255060 0
1657694.1663766862 -19557071.901594337 16252351 0
1660197.2534025675 -19559111.43765454 16249641 0
1662699.3412565724 -19561150.933026154 16246930 0
1665202.46897104 -19563189.46991448 16244219 0
1667704.6382022176 -19565226.96694234 16241508 0
1670207.806605272 -19567264.504658792 16238796 0
1672710.0165250357 -19569301.002514776 16236084 0
1675212.2264447997 -19571337.50037076 16233371 0
1677714.4363645636 -19573373.998226747 16230658 0
1680216.7276615005 -19575408.49773898 16227944 0
1682719.0189584373 -19577442.997251213 16225230 0
1685221.3102553738 -19579477.496763445 16222516 0
1687723.6422408966 -19581510.9971038 16219801 0
1690225.9742264198 -19583544.49744416 16217086 0
1692728.3469005292 -19585576.998612635 16214370 0
1695229.7610913487 -19587608.459920652 16211654 0
1697732.174454044 -19589639.96191726 16208937 0
1700233.5886448636 -19591671.423225272 16206220 0
1702736.0426961458 -19593701.92605 16203502 0
1705237.5382641372 -19595731.389014263 16200784 0
1707739.033832129 -19597760.851978526 16198066 0
1710240.5700887076 -19599789.315770913 16195347 0
1712742.1063452857 -19601817.7795633 16192628 0
1715244.682462327 -19603845.284872398 16189908 0
1717745.260235615 -19605872.70880432 16187188 0
1720246.8778693657 -19607899.174252953 16184468 0
1722748.4955031169 -19609925.639701586 16181747 0
1725250.1538254544 -19611951.105978344 16179025 0
1727751.852836378 -19613975.573083226 16176303 0
1730252.552675425 -19615999.999499522 16173581 0
1732754.2516863486 -19618024.4666044 16170858 0
1735255.0329025686 -19620046.894676942 16168135 0
1737755.773430202 -19622070.321921356 16165411 0
1740257.5538182985 -19624092.790682487 16162687 0
1742758.3757231045 -19626114.219583154 16159963 0
1745259.1976279106 -19628135.648483813 16157238 0
1747760.0602213033 -19630156.0782126 16154513 0
1750260.9635032823 -19632175.508769512 16151787 0
1752761.826096675 -19634195.938498303 16149061 0
1755262.77006724 -19636214.369883336 16146334 0
1757762.7148659287 -19638232.760579787 16143607 0
1760263.658836494 -19640251.19196482 16140880 0
1762763.644323769 -19642268.583489392 16138152 0
1765264.669671507 -19644285.016530674 16135423 0
1767764.6958473686 -19646301.40888337 16132694 0
1770265.761883693 -19648316.842752773 16129965 0
1772765.8287481405 -19650332.235933594 16127236 0
1775265.9363011746 -19652346.629942533 16124506 0
1777766.0438542091 -19654361.02395148 16121775 0
1780266.1920958292 -19656374.418788545 16119044 0
1782766.3403374497 -19658387.813625608 16116313 0
1785266.5292676566 -19660400.209290795 16113581 0
1787766.7588864497 -19662411.60578411 16110849 0
1790265.9893333665 -19664422.961588833 16108116 0
1792766.2189521599 -19666434.35808215 16105383 0
1795265.5307762488 -19668443.715543117 16102650 0
1797765.8010836286 -19670454.112864558 16099916 0
1800265.112907718 -19672463.470325526 16097181 0
1802764.4654203937 -19674471.828614626 16094446 0
1805263.817933069 -19676480.18690372 16091711 0
1807764.210306208 -19678487.58670953 16088976 0
1810263.6441960563 -19680493.946654867 16086239 0
1812762.0789140281 -19682500.265911628 16083503 0
1815261.5128038765 -19684506.62585697 16080766 0
1817760.9873823114 -19686511.98663044 16078029 0
1820260.5026493326 -19688516.348232027 16075291 0
1822759.018744477 -19690520.66914503 16072553 0
1825258.534011498 -19692525.03074662 16069814 0
1827757.1314838156 -19694527.35331587 16067075 0
1830256.6874394226 -19696530.715745583 16064336 0
1832755.3256003265 -19698532.03914296 16061596 0
1835253.9230726438 -19700534.36171221 16058855 0
1837752.601922134 -19702534.685937706 16056115 0
1840251.2807716238 -19704535.010163203 16053373 0
1842749.9596211142 -19706535.3343887 16050632 0
1845248.6791591903 -19708534.659442324 16047890 0
1847746.4402139764 -19710532.94463548 16045147 0
1850245.200440639 -19712531.270517223 16042404 0
1852743.960667302 -19714529.59639897 16039661 0
1855241.8030992607 -19716525.88324837 16036917 0
1857739.604842633 -19718523.169269655 16034173 0
1860238.487135055 -19720518.497635767 16031429 0
1862736.3295670138 -19722514.784485172 16028684 0
1865234.2533761454 -19724509.072990824 16025938 0
1867732.177185277 -19726503.361496475 16023192 0
1870230.1009944086 -19728497.650002126 16020446 0
1872728.0654921262 -19730490.9393359 16017700 0
1875226.0706784306 -19732483.229497798 16014952 0
1877723.0766928585 -19734475.478971113 16012205 0
1880221.1225677491 -19736466.769961134 16009457 0
1882719.16844264 -19738458.060951155 16006709 0
1885216.25583424 -19740448.312080715 16003960 0
1887713.343225841 -19742438.56321027 16001211 0
1890211.4704779037 -19744427.85585654 15998461 0
1892708.5985580906 -19746417.107814223 15995711 0
1895205.7673268637 -19748405.360600032 15992960 0
1897702.9767842235 -19750392.61421396 15990209 0
1900200.186241583 -19752379.867827885 15987458 0
1902696.396527066 -19754367.08075323 15984706 0
1905193.6466730118 -19756353.335195284 15981954 0
1907690.937507544 -19758338.590465456 15979202 0
1910187.2291701995 -19760323.80504705 15976449 0
1912684.560693318 -19762308.06114535 15973695 0
1915180.9337331464 -19764291.277383182 15970941 0
1917677.2660843884 -19766275.492792897 15968187 0
1920174.67898468 -19768257.750547443 15965433 0
1922671.0927130948 -19770239.967613403 15962677 0
1925167.5064415094 -19772222.184679363 15959922 0
1927663.9608585106 -19774203.402573448 15957166 0
1930159.4567922212 -19776183.580607068 15954410 0
1932655.9518978088 -19778163.799329273 15951653 0
1935152.4876919826 -19780143.018879604 15948896 0
1937648.0243142797 -19782122.197741345 15946138 0
1940144.6007970397 -19784100.4181198 15943380 0
1942640.2187965098 -19786077.59863779 15940622 0
1945135.7961073932 -19788055.77832766 15937863 0
1947631.45479545 -19790031.959673773 15935103 0
1950128.1126553826 -19792008.18170847 15932344 0
1952623.8120320253 -19793983.363882713 15929584 0
1955118.5122367912 -19795958.505368363 15926823 0
1957614.211613434 -19797933.6875426 15924062 0
1960109.9923672494 -19799906.871373083 15921301 0
1962605.732432478 -19801881.054375447 15918539 0
1965100.5547030033 -19803853.198345467 15915777 0
1967596.3761454052 -19805825.383004073 15913014 0
1970091.1984159304 -19807797.526974097 15910251 0
1972586.061375042 -19809768.67177224 15907488 0
1975080.96502274 -19811738.817398507 15904724 0
1977575.868670438 -19813708.963024776 15901960 0
1980070.7723181357 -19815679.108651046 15899195 0
1982565.71665442 -19817648.255105436 15896430 0
1985060.7016792907 -19819616.40238795 15893664 0
1987555.7273927475 -19821583.55049859 15890898 0
1990049.7132457413 -19823551.65709252 15888132 0
1992544.7796477848 -19825517.80603128 15885365 0
1995038.8468779512 -19827483.914281458 15882598 0
1997533.9132799944 -19829450.063220218 15879830 0
2000028.021198748 -19831415.172298517 15877062 0
2002522.169806087 -19833379.28220494 15874294 0
2005016.3184134266 -19835343.39211136 15871525 0
2007510.5077093523 -19837306.502845906 15868756 0
2010004.6970052784 -19839269.613580454 15865986 0
2012498.9269897905 -19841231.725143123 15863216 0
2014992.157802426 -19843193.796017203 15860445 0
2017486.4284755248 -19845154.908407997 15857674 0
2019979.6999767467 -19847115.980110206 15854903 0
2022474.0113384314 -19849076.09332912 15852131 0
2024967.364216826 -19851035.166687574 15849359 0
2027460.7170952207 -19852994.240046028 15846587 0
2029954.110662202 -19854952.314232603 15843814 0
2032447.5042291828 -19856910.38841918 15841040 0
2034940.9384847502 -19858867.46343388 15838266 0
2037434.3727403176 -19860824.53844858 15835492 0
2039927.8476844714 -19862780.614291403 15832717 0
2042420.3234567489 -19864736.64944564 15829942 0
2044913.8390894888 -19866691.72611659 15827167 0
2047406.3962389384 -19868645.76292707 15824391 0
2049899.952560265 -19870599.840426143 15821615 0
2052392.5097097151 -19872553.877236627 15818838 0
2054885.1482363376 -19874505.915703356 15816061 0
2057377.7460743738 -19876458.953341965 15813283 0
2059870.4252895827 -19878409.99263682 15810505 0
2062363.0638162056 -19880362.031103548 15807727 0
2064855.7837200006 -19882312.071226526 15804948 0
2067348.5036237962 -19884262.111349504 15802169 0
2069840.2243557149 -19886212.110783894 15799389 0
2072332.9849480963 -19888161.151734997 15796609 0
2074824.7870571879 -19890109.152825635 15793829 0
2077316.5891662794 -19892057.153916273 15791048 0
2079809.431135834 -19894004.19652362 15788266 0
2082301.2739335117 -19895951.19844238 15785485 0
2084793.157419776 -19897897.201189265 15782703 0
2087285.04090604 -19899843.20393615 15779920 0
2089775.965909014 -19901788.16682257 15777137 0
2092267.9307724508 -19903732.171225704 15774354 0
2094759.8956358875 -19905676.17562884 15771570 0
2097250.861327448 -19907620.13934338 15768786 0
2099742.8668794716 -19909563.14457464 15766001 0
2102233.9139482044 -19911505.109945428 15763216 0
2104724.9610169376 -19913447.07531622 15760431 0
2107217.0479461337 -19915388.082203723 15757645 0
2109708.135703453 -19917329.04840264 15754859 0
2112199.2641493585 -19919269.01542968 15752072 0
2114690.3925952646 -19921208.982456718 15749285 0
2117180.56255788 -19923147.909623295 15746497 0
2119671.7723809583 -19925085.878306583 15743710 0
2122162.982204037 -19927023.846989866 15740921 0
2124653.2335438253 -19928960.77581269 15738133 0
2127144.48405549 -19930897.7453241 15735343 0
2129634.7760838643 -19932833.67497505 15732554 0
2132125.0681122392 -19934769.604625992 15729764 0
2134615.4008292 -19936704.535105065 15726974 0
2137105.733546161 -19938639.465584133 15724183 0
2139596.1069517084 -19940573.396891326 15721392 0
2142086.521045842 -19942506.329026643 15718600 0
2144576.9351399755 -19944439.26116196 15715808 0
2147066.350062233 -19946372.15260869 15713015 0
2149556.804844953 -19948304.08557213 15710223 0
2152046.301144383 -19950234.97867511 15707429 0
2154536.7966156895 -19952165.91246667 15704636 0
2157026.3336037053 -19954095.80639777 15701842 0
2159515.870591722 -19956025.700328875 15699047 0
2162005.448268324 -19957954.5950881 15696252 0
2164495.066633513 -19959882.490675442 15693457 0
2166984.684998702 -19961810.386262793 15690661 0
2169474.3033638913 -19963738.281850137 15687865 0
2171962.9632457895 -19965665.137577023 15685068 0
2174452.6629881514 -19967591.03482062 15682271 0
2176942.362730513 -19969516.932064213 15679474 0
2179431.1039895844 -19971441.78944734 15676676 0
2181919.8452486554 -19973366.646830477 15673878 0
2184408.6271963133 -19975290.50504173 15671079 0
2186898.4490044345 -19977213.404769693 15668280 0
2189387.2716406784 -19979136.26380907 15665481 0
2191876.0942769228 -19981059.122848455 15662681 0
2194363.9584298767 -19982980.942027368 15659881 0
2196852.8624432934 -19984901.802722994 15657080 0
2199341.76645671 -19986822.663418617 15654279 0
2201829.711986837 -19988742.48425378 15651477 0
2204318.65668884 -19990662.345777526 15648675 0
2206806.6429075534 -19992581.167440813 15645873 0
2209294.6291262656 -19994499.9891041 15643070 0
2211783.655205442 -19996417.852284092 15640267 0
2214271.7228013277 -19998334.67560363 15637464 0
2216759.790397214 -20000251.49892316 15634660 0
2219246.8588212226 -20002168.281554107 15631855 0
2221735.0077942805 -20004083.106529888 15629050 0
2224223.116078753 -20005998.93067754 15626245 0
2226711.3057403974 -20007912.756481446 15623439 0
2229198.45554158 -20009827.540768635 15620633 0
2231685.6867199345 -20011740.326712076 15617827 0
2234173.9170701653 -20013653.153344102 15615020 0
2236661.1482485197 -20015565.939287543 15612213 0
2239148.4201154606 -20017477.726059105 15609405 0
2241635.732670988 -20019388.51365879 15606597 0
2244123.0452265157 -20021299.30125848 15603788 0
2246610.3577820426 -20023210.08885817 15600979 0
2249097.7517147427 -20025118.878114097 15598170 0
2251584.1057869797 -20027028.625853322 15595360 0
2254071.540408266 -20028936.41593738 15592550 0
2256557.9351690896 -20030845.164504725 15589739 0
2259045.410478962 -20032751.95541691 15586928 0
2261531.8866169583 -20034658.705640502 15584117 0
2264018.3627549545 -20036565.455864098 15581305 0
2266504.879581537 -20038471.20691581 15578493 0
2268991.4370967057 -20040375.958795656 15575680 0
2271477.9946118747 -20042280.710675493 15572867 0
2273964.59281563 -20044184.46338346 15570053 0
2276451.191019385 -20046088.216091424 15567239 0
2278936.83073985 -20047990.92893892 15564425 0
2281423.4696321916 -20049893.68247501 15561610 0
2283909.150041243 -20051795.396150637 15558795 0
2286395.870310758 -20053696.15134297 15555979 0
2288881.591408395 -20055596.86584672 15553163 0
2291367.312506033 -20057497.580350466 15550347 0
2293853.074292257 -20059397.295682337 15547530 0
2296338.8767670672 -20061296.011842333 15544713 0
2298824.679241878 -20063194.72800233 15541895 0
2301310.5224052747 -20065092.44499045 15539077 0
2303796.3655686714 -20066990.161978565 15536258 0
2306281.250248778 -20068886.83910622 15533440 0
2308767.1341007613 -20070783.556922466 15530620 0
2311252.059469454 -20072679.234878246 15527800 0
2313738.02469861 -20074573.954350732 15524980 0
2316222.9907558896 -20076468.633134633 15522160 0
2318707.997501755 -20078362.31274666 15519339 0
2321193.0042476207 -20080255.992358685 15516517 0
2323678.0109934863 -20082149.67197071 15513695 0
2326163.0991165247 -20084041.353238985 15510873 0
2328648.1465509767 -20085934.033679135 15508051 0
2331132.276190725 -20087824.675086945 15505227 0
2333617.4050023495 -20089715.35718334 15502404 0
2336101.534642098 -20091605.998591147 15499580 0
2338586.704142309 -20093495.681515668 15496756 0
2341070.9151592297 -20095384.324579723 15493931 0
2343555.1261761505 -20097272.967643782 15491106 0
2346039.337193072 -20099161.610707838 15488280 0
2348524.6287590414 -20101048.29611673 15485454 0
2351007.8812926724 -20102935.89932032 15482628 0
2353492.2143753525 -20104821.54486875 15479801 0
2355976.5067694457 -20106708.18958905 15476974 0
2358460.880540712 -20108592.835965604 15474146 0
2360944.255140102 -20110477.441653565 15471318 0
2363428.628911368 -20112362.088030115 15468489 0
2365912.0441993447 -20114245.694546204 15465661 0
2368396.4993477836 -20116128.342579 15462831 0
2370879.9553243453 -20118010.94992321 15460001 0
2373363.4519894943 -20119892.55809555 15457171 0
2375846.9486546433 -20121774.16626788 15454341 0
2378330.486008378 -20123654.77526834 15451510 0
2380814.0233621136 -20125535.384268794 15448678 0
2383297.6014044355 -20127414.994097378 15445846 0
2385780.1802748805 -20129294.56323737 15443014 0
2388263.799005788 -20131173.173894078 15440181 0
2390747.4584252825 -20133050.785378903 15437348 0
2393230.1186729 -20134928.356175143 15434515 0
2395712.7789205173 -20136805.926971387 15431681 0
2398196.4790285984 -20138682.539284334 15428847 0
2400679.2206533886 -20140558.111736827 15426012 0
2403161.962278179 -20142433.684189312 15423177 0
2405644.744591556 -20144308.257469922 15420341 0
2408127.567593519 -20146181.83157866 15417505 0
2410609.350735019 -20148056.364170685 15414668 0
2413092.214425569 -20149928.939107545 15411832 0
2415575.078116118 -20151801.5140444 15408994 0
2418056.9426347907 -20153674.048292674 15406157 0
2420539.847013927 -20155545.624057658 15403318 0
2423021.792909772 -20157416.159962177 15400480 0
766421.0637969308 -18799267.703583494 17186255 0
768932.6915615338 -18801490.73911449 17183711 0
771443.3608428465 -18803712.734785024 17181166 0
773954.0301241594 -18805934.730455555 17178621 0
776465.6985773487 -18808156.76681468 17176076 0
778976.4492358342 -18810376.76414146 17173530 0
781487.1592057333 -18812597.76064012 17170983 0
783998.9497246819 -18814816.79948361 17168436 0
786509.7003831674 -18817036.79681039 17165889 0
789020.5324188255 -18819254.795793414 17163341 0
791531.3237658975 -18821473.793948323 17160792 0
794042.196490142 -18823690.793759473 17158243 0
796553.0692143866 -18825907.793570623 17155694 0
799063.9419386314 -18828124.793381773 17153144 0
801574.8553514623 -18830340.794021048 17150594 0
804085.7687642932 -18832556.794660322 17148043 0
806596.7228657106 -18834771.79612772 17145492 0
809106.6777952512 -18836986.75690653 17142940 0
811617.6725852549 -18839200.759202056 17140388 0
814128.6673752586 -18841414.761497576 17137835 0
816639.7028538486 -18843627.76462122 17135282 0
819149.7798491484 -18845839.7278844 17132729 0
821660.856016325 -18848051.73183617 17130175 0
824170.9330116246 -18850263.695099354 17127620 0
826682.0498673873 -18852474.699879244 17125065 0
829192.1675512736 -18854685.66397055 17122510 0
831703.3250956227 -18856895.669578563 17119954 0
834213.5241566815 -18859104.635326117 17117397 0
836724.7223896171 -18861313.641762257 17114840 0
839234.9214506759 -18863522.607509807 17112283 0
841745.161200321 -18865730.574085485 17109725 0
844256.4408104294 -18867937.58217787 17107167 0
846766.7212486609 -18870144.54958167 17104608 0
849277.0016868925 -18872351.51698547 17102049 0
851787.3228137105 -18874557.485217392 17099489 0
854297.6846291148 -18876762.454277437 17096929 0
856808.0464445191 -18878967.423337486 17094368 0
859318.4082599236 -18881172.39239753 17091807 0
861828.8107639141 -18883376.362285696 17089246 0
864339.2539564911 -18885579.33300199 17086684 0
866849.6971490683 -18887782.303718284 17084121 0
869360.1403416452 -18889985.274434578 17081558 0
871870.6242228086 -18892187.245978992 17078995 0
874380.1496206819 -18894388.177662946 17076431 0
876890.6741904316 -18896589.150035482 17073866 0
879401.2394487676 -18898789.123236146 17071301 0
881911.8047071039 -18900989.09643681 17068736 0
884421.4114821497 -18903188.029777013 17066170 0
886932.0174290722 -18905387.003805798 17063604 0
889441.6242041182 -18907585.937145997 17061037 0
891952.2708396269 -18909783.912002906 17058470 0
894461.9589918455 -18911980.846999355 17055902 0
896972.6463159408 -18914177.82268439 17053334 0
899482.3751567457 -18916373.758508958 17050765 0
901993.1031694274 -18918569.735022113 17048196 0
904502.8726988187 -18920764.67167481 17045626 0
907012.6422282099 -18922959.608327504 17043056 0
909523.4516180643 -18925153.58649691 17040486 0
912033.2618360419 -18927347.523977723 17037915 0
914543.112742606 -18929540.462286666 17035343 0
917052.9636491701 -18931733.400595605 17032771 0
919562.8552443205 -18933925.33973267 17030199 0
922072.7468394708 -18936117.278869733 17027626 0
924582.6791232077 -18938308.21883492 17025052 0
927092.6114069443 -18940499.15880011 17022478 0
929602.5843792676 -18942689.09959342 17019904 0
932112.5573515907 -18944879.04038673 17017329 0
934622.5710125001 -18947067.982008167 17014754 0
937132.5846734097 -18949256.9236296 17012178 0
939642.6390229055 -18951444.866079155 17009602 0
942152.6933724013 -18953632.808528714 17007025 0
944661.789238607 -18955819.711117808 17004448 0
947171.8842766891 -18958006.65439549 17001870 0
949682.0200033577 -18960192.5985013 16999292 0
952191.1565581497 -18962378.501918513 16996713 0
954701.3329734046 -18964563.446852442 16994134 0
957211.5093886597 -18966748.39178637 16991555 0
959720.7273206243 -18968932.296859838 16988975 0
962230.9851130518 -18971115.24345001 16986394 0
964740.2030450167 -18973299.148523476 16983813 0
967249.502354154 -18975481.055253185 16981232 0
969759.800835168 -18977663.002671488 16978650 0
972269.1001443055 -18979844.909401197 16976067 0
974779.4393139058 -18982025.85764762 16973484 0
977288.7793116297 -18984206.765205454 16970901 0
979798.1599979397 -18986386.673591416 16968317 0
982307.5813728361 -18988565.582805496 16965733 0
984817.0027477328 -18990744.49201958 16963148 0
987327.4232945058 -18992923.441922247 16960563 0
989836.8853579888 -18995101.351964455 16957977 0
992346.3474214716 -18997279.26200666 16955391 0
994855.8501735406 -18999456.172876988 16952804 0
997365.3936141965 -19001632.08457544 16950217 0
999874.9370548519 -19003807.99627389 16947629 0
1002384.4804955076 -19005983.907972347 16945041 0
1004894.0646247495 -19008158.82049892 16942452 0
1007402.6902707011 -19010332.693165034 16939863 0
1009912.3150885295 -19012506.606519736 16937274 0
1012421.9399063577 -19014680.51987443 16934684 0
1014931.6054127723 -19016853.434057258 16932093 0
1017441.3116077734 -19019025.349068202 16929502 0
1019950.0186308977 -19021197.22339056 16926911 0
1022459.7248258989 -19023369.13840151 16924319 0
1024968.4725376096 -19025540.01355199 16921726 0
1027478.2601097833 -19027709.930219185 16919133 0
1029988.0476819571 -19029879.846886378 16916540 0
1032496.8360822542 -19032049.722864985 16913946 0
1035006.6643430145 -19034218.6403603 16911352 0
1037515.5341204843 -19036386.517995153 16908757 0
1040024.403897954 -19038554.395630006 16906162 0
1042534.2728473005 -19040722.313953448 16903566 0
1045043.224001943 -19042888.193244547 16900970 0
1047552.1344679995 -19045055.071707524 16898373 0
1050062.0847945185 -19047220.991687212 16895776 0
1052571.0766377472 -19049385.871806435 16893178 0
1055080.0684809764 -19051550.75192566 16890580 0
1057589.0603242053 -19053715.63204488 16887982 0
1060098.133544607 -19055878.513820354 16885383 0
1062607.1660764222 -19058042.3947677 16882783 0
1065117.2384687006 -19060205.31723176 16880183 0
1067626.3523776885 -19062367.199835353 16877582 0
1070135.4662866765 -19064529.082438946 16874982 0
1072643.6217123745 -19066689.925182078 16872380 0
1075152.7763099489 -19068850.808613792 16869778 0
1077661.9309075233 -19071011.692045514 16867176 0
1080171.1668822702 -19073170.577133477 16864573 0
1082680.3621684308 -19075330.46139332 16861969 0
1085189.598143178 -19077489.346481282 16859366 0
1087697.8756346349 -19079647.191708785 16856761 0
1090207.1522979685 -19081805.077624872 16854157 0
1092716.469649888 -19083961.96436908 16851551 0
1095224.7878299316 -19086118.810424708 16848946 0
1097734.1458704378 -19088274.697997045 16846339 0
1100243.5039109439 -19090430.585569378 16843733 0
1102751.90346816 -19092585.43328125 16841125 0
1105261.3021972524 -19094740.321681708 16838518 0
1107769.742443055 -19096894.1702217 16835910 0
1110279.1818607335 -19099048.059450284 16833301 0
1112787.6627951222 -19101200.9088184 16830692 0
1115296.143729511 -19103353.75818652 16828082 0
1117805.6645243624 -19105505.649071347 16825472 0
1120314.1861473378 -19107657.49926759 16822862 0
1122822.7484588989 -19109808.350291956 16820251 0
1125331.3107704604 -19111959.201316323 16817639 0
1127840.9129424847 -19114109.093857396 16815028 0
1130349.5159426327 -19116258.945709884 16812415 0
1132858.1596313666 -19118407.798390497 16809802 0
1135366.8033201005 -19120556.65107111 16807189 0
1137875.487697421 -19122704.504579846 16804575 0
1140384.1720747417 -19124852.358088583 16801961 0
1142892.8971406484 -19126999.21242544 16799346 0
1145401.6628951416 -19129145.067590423 16796731 0
1147910.3879610486 -19131291.921927284 16794115 0
1150419.194404128 -19133436.77792039 16791499 0
1152927.0016753308 -19135581.593224905 16788882 0
1155435.8081184104 -19137726.449218012 16786265 0
1157944.6552500762 -19139870.306039244 16783647 0
1160453.5023817425 -19142014.16286047 16781029 0
1162961.3910301179 -19144156.97982124 16778411 0
1165470.2788503703 -19146299.83747059 16775792 0
1167979.2073592087 -19148441.695948068 16773172 0
1170487.1773847574 -19150582.514565084 16770552 0
1172996.1465821823 -19152723.37387068 16767932 0
1175504.1166077307 -19154864.192487694 16765311 0
1178013.126493742 -19157004.052621417 16762689 0
1180521.177896463 -19159142.87289468 16760067 0
1183029.188610598 -19161282.692339815 16757445 0
1185538.2798737818 -19163420.554129783 16754822 0
1188046.3719650893 -19165558.37523117 16752199 0
1190554.4640563969 -19167696.19633255 16749575 0
1193063.5960081676 -19169833.058950644 16746951 0
1195571.7694766475 -19171968.881708276 16744326 0
1198079.9429451278 -19174104.704465903 16741701 0
1200588.116413608 -19176240.527223535 16739075 0
1203096.3305706745 -19178375.35080929 16736449 0
1205604.5854163275 -19180509.175223164 16733822 0
1208112.8402619802 -19182642.999637045 16731195 0
1210621.0951076332 -19184776.824050922 16728567 0
1213129.4313304587 -19186908.650121048 16725939 0
1215637.7268646983 -19189041.475363046 16723311 0
1218146.063087524 -19191173.301433172 16720682 0
1220654.439998936 -19193304.12833142 16718052 0
1223162.816910348 -19195434.955229666 16715422 0
1225670.1946498833 -19197565.741439328 16712792 0
1228178.652938468 -19199694.569993824 16710161 0
1230687.0705384663 -19201824.39772019 16707529 0
1233194.5296551744 -19203953.185586102 16704897 0
1235703.0286323454 -19206081.01496872 16702265 0
1238211.5276095164 -19208208.844351336 16699632 0
1240719.0681033973 -19210335.633873492 16696999 0
1243227.607769155 -19212462.46408423 16694365 0
1245735.188951622 -19214588.25443451 16691731 0
1248242.7701340893 -19216714.044784788 16689096 0
1250751.350488433 -19218839.875823654 16686461 0
1253259.013048073 -19220963.66783018 16683825 0
1255766.6349191265 -19223088.459008582 16681189 0
1258275.3373392294 -19225211.292531814 16678553 0
1260782.9998988693 -19227335.08453834 16675916 0
1263290.743835682 -19229456.878201112 16673278 0
1265798.4470839081 -19231579.67103576 16670640 0
1268306.2317093073 -19233700.46552666 16668002 0
1270813.97564612 -19235822.259189427 16665363 0
1273321.8009601054 -19237942.054508448 16662723 0
1275829.5855855043 -19240062.848999344 16660083 0
1278337.451588076 -19242181.645146485 16657443 0
1280845.3175906478 -19244300.441293627 16654802 0
1283353.1835932196 -19246419.237440772 16652161 0
1285861.0902843773 -19248537.034416035 16649519 0
1288368.9969755358 -19250654.8313913 16646877 0
1290875.9451834033 -19252771.588506106 16644234 0
1293383.892563148 -19254888.386309493 16641591 0
1295891.8806314787 -19257004.184941005 16638947 0
1298398.9102165194 -19259118.943712056 16636303 0
1300906.9389734366 -19261233.74317169 16633659 0
1303413.9685584772 -19263348.501942743 16631013 0
1305922.0380039806 -19265462.3022305 16628368 0
1308429.148966194 -19267575.062657796 16625722 0
1310937.2184116973 -19269688.862945557 16623075 0
1313444.370062497 -19271800.624200974 16620428 0
1315951.5217132966 -19273912.385456394 16617781 0
1318459.6725359727 -19276024.1874004 16615133 0
1320966.9055639454 -19278133.950312067 16612485 0
1323474.0979033313 -19280244.712395612 16609836 0
1325981.330931304 -19282354.47530728 16607187 0
1328488.6046478623 -19284463.23904707 16604537 0
1330995.878364421 -19286572.00278686 16601887 0
1333503.1520809801 -19288680.766526647 16599236 0
1336010.4664861253 -19290788.531094562 16596585 0
1338517.8215798563 -19292895.2964906 16593933 0
1341025.1766735879 -19295002.061886635 16591281 0
1343532.5724559058 -19297107.828110795 16588628 0
1346039.9682382238 -19299213.59433496 16585975 0
1348547.4047091275 -19301318.36138724 16583322 0
1351053.8420081553 -19303423.087750938 16580668 0
1353561.3191676456 -19305526.855631344 16578013 0
1356068.7963271362 -19307630.62351175 16575358 0
1358575.3150033364 -19309733.351531696 16572703 0
1361082.8328514134 -19311836.12024023 16570047 0
1363589.3922162 -19313937.849088296 16567391 0
1366096.9507528632 -19316039.61862495 16564734 0
1368603.5508062362 -19318140.348301142 16562077 0
1371110.1508596097 -19320241.077977333 16559419 0
1373617.7907734453 -19322340.849170234 16556761 0
1376124.431515405 -19324440.57967455 16554102 0
1378631.1129459506 -19326539.311006986 16551443 0
1381137.8350650826 -19328637.043167546 16548784 0
1383644.5164956283 -19330735.774499986 16546124 0
1386151.279303347 -19332832.507488668 16543463 0
1388658.0421110652 -19334929.240477353 16540802 0
1391164.8049187837 -19337025.97346604 16538141 0
1393671.6084150888 -19339121.70728285 16535479 0
1396178.45259998 -19341216.44192778 16532816 0
1398685.296784871 -19343311.17657271 16530154 0
1401192.140969762 -19345405.91121764 16527490 0
1403699.0258432399 -19347499.646690696 16524827 0
1406204.9522334267 -19349592.34230329 16522162 0
1408711.8777954911 -19351685.07860447 16519498 0
1411217.8448742644 -19353776.775045186 16516833 0
1413724.811124915 -19355868.512174487 16514167 0
1416230.7782036883 -19357960.208615202 16511501 0
1418737.7851429253 -19360050.946572628 16508834 0
1421243.8335988712 -19362140.64466959 16506167 0
1423750.8812266947 -19364230.38345514 16503500 0
1426256.9703712275 -19366319.082380224 16500832 0
1428763.0595157598 -19368407.781305313 16498164 0
1431269.1893488793 -19370495.481058523 16495495 0
1433775.3191819983 -19372583.180811733 16492826 0
1436282.4888755803 -19374669.92208165 16490156 0
1438788.659397286 -19376756.62266298 16487486 0
1441294.8706075777 -19378842.32407244 16484815 0
1443800.1233345792 -19380926.985621434 16482144 0
1446306.3345448712 -19383012.68703089 16479472 0
1448812.627132336 -19385096.39009659 16476800 0
1451318.9197198001 -19387180.093162294 16474128 0
1453825.2123072646 -19389263.796228 16471455 0
1456330.5464114388 -19391346.459433235 16468781 0
1458836.9203760764 -19393428.164155185 16466107 0
1461342.2951688368 -19395509.828188553 16463433 0
1463848.6691334741 -19397591.5329105 16460758 0
1466354.0846148212 -19399672.19777199 16458083 0
1468860.5399566311 -19401751.904150184 16455407 0
1471365.996126565 -19403831.569839794 16452731 0
1473871.4522964982 -19405911.235529404 16450054 0
1476377.989015481 -19407988.94356385 16447377 0
1478883.4858740007 -19410067.61008158 16444699 0
1481389.0234211066 -19412145.27742744 16442021 0
1483894.6016567992 -19414221.94560142 16439343 0
1486400.179892492 -19416298.613775402 16436664 0
1488905.7988167705 -19418374.282777503 16433985 0
1491411.4177410493 -19420449.951779608 16431305 0
1493917.0773539147 -19422524.621609837 16428624 0
1496422.7776553663 -19424598.292268187 16425944 0
1498927.438096355 -19426672.921409827 16423262 0
1501433.1790863927 -19428745.5928963 16420581 0
1503938.9200764305 -19430818.264382776 16417899 0
1506443.661894592 -19432890.895180665 16415216 0
1508949.443573216 -19434962.56749526 16412533 0
1511454.226079964 -19437034.199121274 16409850 0
1513960.048447175 -19439104.872263994 16407166 0
1516464.912331095 -19441174.505546257 16404481 0
1518969.7762150154 -19443244.138828512 16401796 0
1521475.6799593987 -19445312.813627478 16399111 0
1523980.5845319056 -19447381.44773786 16396425 0
1526485.4891044125 -19449450.081848245 16393739 0
1528990.475054092 -19451516.71761487 16391052 0
1531495.420315185 -19453584.35255338 16388365 0
1534000.4062648644 -19455650.988320004 16385678 0
1536505.4329031303 -19457716.624914758 16382990 0
1539009.46036952 -19459782.220820922 16380301 0
1541514.5276963718 -19461846.8582438 16377612 0
1544019.5950232241 -19463911.495666675 16374923 0
1546524.7030386627 -19465975.13391767 16372233 0
1549028.8525708108 -19468037.73230821 16369543 0
1551534.001274836 -19470100.371387333 16366852 0
1554038.1508069842 -19472162.969777867 16364161 0
1556543.3401995956 -19474224.60968511 16361469 0
1559047.5304203301 -19476286.20890377 16358777 0
1561551.7613296516 -19478346.808950555 16356085 0
1564056.0329275588 -19480406.40982546 16353392 0
1566560.3045254662 -19482466.010700364 16350698 0
1569065.6159838366 -19484524.653091982 16348004 0
1571569.9282703307 -19486583.25479501 16345310 0
1574073.2413849477 -19488641.81580946 16342615 0
1576577.6350486143 -19490698.419168733 16339920 0
1579081.9880236944 -19492756.021699887 16337224 0
1581586.4223759472 -19494811.625887286 16334528 0
1584090.816039614 -19496868.22924656 16331832 0
1586594.2919085762 -19498922.7935735 16329135 0
1589098.7262608293 -19500978.397760898 16326437 0
1591602.2428183784 -19503031.96291596 16323739 0
1594106.7585478039 -19505085.568759605 16321041 0
1596610.275105353 -19507139.133914668 16318342 0
1599114.8315233649 -19509191.740586437 16315643 0
1601618.4294580866 -19511243.307397746 16312943 0
1604122.0273928083 -19513294.874209046 16310243 0
1606625.6253275299 -19515346.441020355 16307542 0
1609129.2639508378 -19517397.008659787 16304841 0
1611632.9432627326 -19519446.57712734 16302140 0
1614136.622574627 -19521496.145594895 16299438 0
1616640.3425751077 -19523544.714890573 16296735 0
1619144.0625755887 -19525593.28418625 16294033 0
